286
1 -11
2 -11
1 2 1
3 -11
1 3 1
2 3 1
4 -11
1 4 1
2 4 1
3 4 1
5 -11
1 5 1
2 5 1
3 5 1
4 5 1
6 -11
1 6 1
2 6 1
3 6 1
4 6 1
5 6 1
7 -11
1 7 1
2 7 1
3 7 1
4 7 1
5 7 1
6 7 1
8 -11
1 8 1
2 8 1
3 8 1
4 8 1
5 8 1
6 8 1
7 8 1
9 -11
1 9 1
2 9 1
3 9 1
4 9 1
5 9 1
6 9 1
7 9 1
8 9 1
10 -11
1 10 1
2 10 1
3 10 1
4 10 1
5 10 1
6 10 1
7 10 1
8 10 1
9 10 1
11 -11
1 11 1
2 11 1
3 11 1
4 11 1
5 11 1
6 11 1
7 11 1
8 11 1
9 11 1
10 11 1
12 -11
1 12 1
2 12 1
3 12 1
4 12 1
5 12 1
6 12 1
7 12 1
8 12 1
9 12 1
10 12 1
11 12 1
13 -11
1 13 1
2 13 1
1 2 13 -1
14 -11
1 14 1
3 14 1
1 3 14 -1
13 14 1
15 -11
1 15 1
4 15 1
1 4 15 -1
13 15 1
14 15 1
16 -11
1 16 1
5 16 1
1 5 16 -1
13 16 1
14 16 1
15 16 1
17 -11
1 17 1
6 17 1
1 6 17 -1
13 17 1
14 17 1
15 17 1
16 17 1
18 -11
1 18 1
7 18 1
1 7 18 -1
13 18 1
14 18 1
15 18 1
16 18 1
17 18 1
19 -11
1 19 1
8 19 1
1 8 19 -1
13 19 1
14 19 1
15 19 1
16 19 1
17 19 1
18 19 1
20 -11
1 20 1
9 20 1
1 9 20 -1
13 20 1
14 20 1
15 20 1
16 20 1
17 20 1
18 20 1
19 20 1
21 -11
1 21 1
10 21 1
1 10 21 -1
13 21 1
14 21 1
15 21 1
16 21 1
17 21 1
18 21 1
19 21 1
20 21 1
22 -11
1 22 1
11 22 1
1 11 22 -1
13 22 1
14 22 1
15 22 1
16 22 1
17 22 1
18 22 1
19 22 1
20 22 1
21 22 1
23 -11
1 23 1
12 23 1
1 12 23 -1
13 23 1
14 23 1
15 23 1
16 23 1
17 23 1
18 23 1
19 23 1
20 23 1
21 23 1
22 23 1
24 -11
2 24 1
3 24 1
2 3 24 -1
13 24 1
14 24 1
13 14 24 -1
1 2 3 13 14 24 1
25 -11
2 25 1
4 25 1
2 4 25 -1
13 25 1
15 25 1
13 15 25 -1
1 2 4 13 15 25 1
24 25 1
26 -11
2 26 1
5 26 1
2 5 26 -1
13 26 1
16 26 1
13 16 26 -1
1 2 5 13 16 26 1
24 26 1
25 26 1
27 -11
2 27 1
6 27 1
2 6 27 -1
13 27 1
17 27 1
13 17 27 -1
1 2 6 13 17 27 1
24 27 1
25 27 1
26 27 1
28 -11
2 28 1
7 28 1
2 7 28 -1
13 28 1
18 28 1
13 18 28 -1
1 2 7 13 18 28 1
24 28 1
25 28 1
26 28 1
27 28 1
29 -11
2 29 1
8 29 1
2 8 29 -1
13 29 1
19 29 1
13 19 29 -1
1 2 8 13 19 29 1
24 29 1
25 29 1
26 29 1
27 29 1
28 29 1
30 -11
2 30 1
9 30 1
2 9 30 -1
13 30 1
20 30 1
13 20 30 -1
1 2 9 13 20 30 1
24 30 1
25 30 1
26 30 1
27 30 1
28 30 1
29 30 1
31 -11
2 31 1
10 31 1
2 10 31 -1
13 31 1
21 31 1
13 21 31 -1
1 2 10 13 21 31 1
24 31 1
25 31 1
26 31 1
27 31 1
28 31 1
29 31 1
30 31 1
32 -11
2 32 1
11 32 1
2 11 32 -1
13 32 1
22 32 1
13 22 32 -1
1 2 11 13 22 32 1
24 32 1
25 32 1
26 32 1
27 32 1
28 32 1
29 32 1
30 32 1
31 32 1
33 -11
2 33 1
12 33 1
2 12 33 -1
13 33 1
23 33 1
13 23 33 -1
1 2 12 13 23 33 1
24 33 1
25 33 1
26 33 1
27 33 1
28 33 1
29 33 1
30 33 1
31 33 1
32 33 1
34 -11
3 34 1
4 34 1
3 4 34 -1
14 34 1
15 34 1
14 15 34 -1
1 3 4 14 15 34 1
24 34 1
25 34 1
24 25 34 -1
2 3 4 24 25 34 1
13 14 15 24 25 34 1
35 -11
3 35 1
5 35 1
3 5 35 -1
14 35 1
16 35 1
14 16 35 -1
1 3 5 14 16 35 1
24 35 1
26 35 1
24 26 35 -1
2 3 5 24 26 35 1
13 14 16 24 26 35 1
34 35 1
36 -11
3 36 1
6 36 1
3 6 36 -1
14 36 1
17 36 1
14 17 36 -1
1 3 6 14 17 36 1
24 36 1
27 36 1
24 27 36 -1
2 3 6 24 27 36 1
13 14 17 24 27 36 1
34 36 1
35 36 1
37 -11
3 37 1
7 37 1
3 7 37 -1
14 37 1
18 37 1
14 18 37 -1
1 3 7 14 18 37 1
24 37 1
28 37 1
24 28 37 -1
2 3 7 24 28 37 1
13 14 18 24 28 37 1
34 37 1
35 37 1
36 37 1
38 -11
3 38 1
8 38 1
3 8 38 -1
14 38 1
19 38 1
14 19 38 -1
1 3 8 14 19 38 1
24 38 1
29 38 1
24 29 38 -1
2 3 8 24 29 38 1
13 14 19 24 29 38 1
34 38 1
35 38 1
36 38 1
37 38 1
39 -11
3 39 1
9 39 1
3 9 39 -1
14 39 1
20 39 1
14 20 39 -1
1 3 9 14 20 39 1
24 39 1
30 39 1
24 30 39 -1
2 3 9 24 30 39 1
13 14 20 24 30 39 1
34 39 1
35 39 1
36 39 1
37 39 1
38 39 1
40 -11
3 40 1
10 40 1
3 10 40 -1
14 40 1
21 40 1
14 21 40 -1
1 3 10 14 21 40 1
24 40 1
31 40 1
24 31 40 -1
2 3 10 24 31 40 1
13 14 21 24 31 40 1
34 40 1
35 40 1
36 40 1
37 40 1
38 40 1
39 40 1
41 -11
3 41 1
11 41 1
3 11 41 -1
14 41 1
22 41 1
14 22 41 -1
1 3 11 14 22 41 1
24 41 1
32 41 1
24 32 41 -1
2 3 11 24 32 41 1
13 14 22 24 32 41 1
34 41 1
35 41 1
36 41 1
37 41 1
38 41 1
39 41 1
40 41 1
42 -11
3 42 1
12 42 1
3 12 42 -1
14 42 1
23 42 1
14 23 42 -1
1 3 12 14 23 42 1
24 42 1
33 42 1
24 33 42 -1
2 3 12 24 33 42 1
13 14 23 24 33 42 1
34 42 1
35 42 1
36 42 1
37 42 1
38 42 1
39 42 1
40 42 1
41 42 1
43 -11
4 43 1
5 43 1
4 5 43 -1
15 43 1
16 43 1
15 16 43 -1
1 4 5 15 16 43 1
25 43 1
26 43 1
25 26 43 -1
2 4 5 25 26 43 1
13 15 16 25 26 43 1
34 43 1
35 43 1
34 35 43 -1
3 4 5 34 35 43 1
14 15 16 34 35 43 1
24 25 26 34 35 43 1
44 -11
4 44 1
6 44 1
4 6 44 -1
15 44 1
17 44 1
15 17 44 -1
1 4 6 15 17 44 1
25 44 1
27 44 1
25 27 44 -1
2 4 6 25 27 44 1
13 15 17 25 27 44 1
34 44 1
36 44 1
34 36 44 -1
3 4 6 34 36 44 1
14 15 17 34 36 44 1
24 25 27 34 36 44 1
43 44 1
45 -11
4 45 1
7 45 1
4 7 45 -1
15 45 1
18 45 1
15 18 45 -1
1 4 7 15 18 45 1
25 45 1
28 45 1
25 28 45 -1
2 4 7 25 28 45 1
13 15 18 25 28 45 1
34 45 1
37 45 1
34 37 45 -1
3 4 7 34 37 45 1
14 15 18 34 37 45 1
24 25 28 34 37 45 1
43 45 1
44 45 1
46 -11
4 46 1
8 46 1
4 8 46 -1
15 46 1
19 46 1
15 19 46 -1
1 4 8 15 19 46 1
25 46 1
29 46 1
25 29 46 -1
2 4 8 25 29 46 1
13 15 19 25 29 46 1
34 46 1
38 46 1
34 38 46 -1
3 4 8 34 38 46 1
14 15 19 34 38 46 1
24 25 29 34 38 46 1
43 46 1
44 46 1
45 46 1
47 -11
4 47 1
9 47 1
4 9 47 -1
15 47 1
20 47 1
15 20 47 -1
1 4 9 15 20 47 1
25 47 1
30 47 1
25 30 47 -1
2 4 9 25 30 47 1
13 15 20 25 30 47 1
34 47 1
39 47 1
34 39 47 -1
3 4 9 34 39 47 1
14 15 20 34 39 47 1
24 25 30 34 39 47 1
43 47 1
44 47 1
45 47 1
46 47 1
48 -11
4 48 1
10 48 1
4 10 48 -1
15 48 1
21 48 1
15 21 48 -1
1 4 10 15 21 48 1
25 48 1
31 48 1
25 31 48 -1
2 4 10 25 31 48 1
13 15 21 25 31 48 1
34 48 1
40 48 1
34 40 48 -1
3 4 10 34 40 48 1
14 15 21 34 40 48 1
24 25 31 34 40 48 1
43 48 1
44 48 1
45 48 1
46 48 1
47 48 1
49 -11
4 49 1
11 49 1
4 11 49 -1
15 49 1
22 49 1
15 22 49 -1
1 4 11 15 22 49 1
25 49 1
32 49 1
25 32 49 -1
2 4 11 25 32 49 1
13 15 22 25 32 49 1
34 49 1
41 49 1
34 41 49 -1
3 4 11 34 41 49 1
14 15 22 34 41 49 1
24 25 32 34 41 49 1
43 49 1
44 49 1
45 49 1
46 49 1
47 49 1
48 49 1
50 -11
4 50 1
12 50 1
4 12 50 -1
15 50 1
23 50 1
15 23 50 -1
1 4 12 15 23 50 1
25 50 1
33 50 1
25 33 50 -1
2 4 12 25 33 50 1
13 15 23 25 33 50 1
34 50 1
42 50 1
34 42 50 -1
3 4 12 34 42 50 1
14 15 23 34 42 50 1
24 25 33 34 42 50 1
43 50 1
44 50 1
45 50 1
46 50 1
47 50 1
48 50 1
49 50 1
51 -11
5 51 1
6 51 1
5 6 51 -1
16 51 1
17 51 1
16 17 51 -1
1 5 6 16 17 51 1
26 51 1
27 51 1
26 27 51 -1
2 5 6 26 27 51 1
13 16 17 26 27 51 1
35 51 1
36 51 1
35 36 51 -1
3 5 6 35 36 51 1
14 16 17 35 36 51 1
24 26 27 35 36 51 1
43 51 1
44 51 1
43 44 51 -1
4 5 6 43 44 51 1
15 16 17 43 44 51 1
25 26 27 43 44 51 1
34 35 36 43 44 51 1
52 -11
5 52 1
7 52 1
5 7 52 -1
16 52 1
18 52 1
16 18 52 -1
1 5 7 16 18 52 1
26 52 1
28 52 1
26 28 52 -1
2 5 7 26 28 52 1
13 16 18 26 28 52 1
35 52 1
37 52 1
35 37 52 -1
3 5 7 35 37 52 1
14 16 18 35 37 52 1
24 26 28 35 37 52 1
43 52 1
45 52 1
43 45 52 -1
4 5 7 43 45 52 1
15 16 18 43 45 52 1
25 26 28 43 45 52 1
34 35 37 43 45 52 1
51 52 1
53 -11
5 53 1
8 53 1
5 8 53 -1
16 53 1
19 53 1
16 19 53 -1
1 5 8 16 19 53 1
26 53 1
29 53 1
26 29 53 -1
2 5 8 26 29 53 1
13 16 19 26 29 53 1
35 53 1
38 53 1
35 38 53 -1
3 5 8 35 38 53 1
14 16 19 35 38 53 1
24 26 29 35 38 53 1
43 53 1
46 53 1
43 46 53 -1
4 5 8 43 46 53 1
15 16 19 43 46 53 1
25 26 29 43 46 53 1
34 35 38 43 46 53 1
51 53 1
52 53 1
54 -11
5 54 1
9 54 1
5 9 54 -1
16 54 1
20 54 1
16 20 54 -1
1 5 9 16 20 54 1
26 54 1
30 54 1
26 30 54 -1
2 5 9 26 30 54 1
13 16 20 26 30 54 1
35 54 1
39 54 1
35 39 54 -1
3 5 9 35 39 54 1
14 16 20 35 39 54 1
24 26 30 35 39 54 1
43 54 1
47 54 1
43 47 54 -1
4 5 9 43 47 54 1
15 16 20 43 47 54 1
25 26 30 43 47 54 1
34 35 39 43 47 54 1
51 54 1
52 54 1
53 54 1
55 -11
5 55 1
10 55 1
5 10 55 -1
16 55 1
21 55 1
16 21 55 -1
1 5 10 16 21 55 1
26 55 1
31 55 1
26 31 55 -1
2 5 10 26 31 55 1
13 16 21 26 31 55 1
35 55 1
40 55 1
35 40 55 -1
3 5 10 35 40 55 1
14 16 21 35 40 55 1
24 26 31 35 40 55 1
43 55 1
48 55 1
43 48 55 -1
4 5 10 43 48 55 1
15 16 21 43 48 55 1
25 26 31 43 48 55 1
34 35 40 43 48 55 1
51 55 1
52 55 1
53 55 1
54 55 1
56 -11
5 56 1
11 56 1
5 11 56 -1
16 56 1
22 56 1
16 22 56 -1
1 5 11 16 22 56 1
26 56 1
32 56 1
26 32 56 -1
2 5 11 26 32 56 1
13 16 22 26 32 56 1
35 56 1
41 56 1
35 41 56 -1
3 5 11 35 41 56 1
14 16 22 35 41 56 1
24 26 32 35 41 56 1
43 56 1
49 56 1
43 49 56 -1
4 5 11 43 49 56 1
15 16 22 43 49 56 1
25 26 32 43 49 56 1
34 35 41 43 49 56 1
51 56 1
52 56 1
53 56 1
54 56 1
55 56 1
57 -11
5 57 1
12 57 1
5 12 57 -1
16 57 1
23 57 1
16 23 57 -1
1 5 12 16 23 57 1
26 57 1
33 57 1
26 33 57 -1
2 5 12 26 33 57 1
13 16 23 26 33 57 1
35 57 1
42 57 1
35 42 57 -1
3 5 12 35 42 57 1
14 16 23 35 42 57 1
24 26 33 35 42 57 1
43 57 1
50 57 1
43 50 57 -1
4 5 12 43 50 57 1
15 16 23 43 50 57 1
25 26 33 43 50 57 1
34 35 42 43 50 57 1
51 57 1
52 57 1
53 57 1
54 57 1
55 57 1
56 57 1
58 -11
6 58 1
7 58 1
6 7 58 -1
17 58 1
18 58 1
17 18 58 -1
1 6 7 17 18 58 1
27 58 1
28 58 1
27 28 58 -1
2 6 7 27 28 58 1
13 17 18 27 28 58 1
36 58 1
37 58 1
36 37 58 -1
3 6 7 36 37 58 1
14 17 18 36 37 58 1
24 27 28 36 37 58 1
44 58 1
45 58 1
44 45 58 -1
4 6 7 44 45 58 1
15 17 18 44 45 58 1
25 27 28 44 45 58 1
34 36 37 44 45 58 1
51 58 1
52 58 1
51 52 58 -1
5 6 7 51 52 58 1
16 17 18 51 52 58 1
26 27 28 51 52 58 1
35 36 37 51 52 58 1
43 44 45 51 52 58 1
59 -11
6 59 1
8 59 1
6 8 59 -1
17 59 1
19 59 1
17 19 59 -1
1 6 8 17 19 59 1
27 59 1
29 59 1
27 29 59 -1
2 6 8 27 29 59 1
13 17 19 27 29 59 1
36 59 1
38 59 1
36 38 59 -1
3 6 8 36 38 59 1
14 17 19 36 38 59 1
24 27 29 36 38 59 1
44 59 1
46 59 1
44 46 59 -1
4 6 8 44 46 59 1
15 17 19 44 46 59 1
25 27 29 44 46 59 1
34 36 38 44 46 59 1
51 59 1
53 59 1
51 53 59 -1
5 6 8 51 53 59 1
16 17 19 51 53 59 1
26 27 29 51 53 59 1
35 36 38 51 53 59 1
43 44 46 51 53 59 1
58 59 1
60 -11
6 60 1
9 60 1
6 9 60 -1
17 60 1
20 60 1
17 20 60 -1
1 6 9 17 20 60 1
27 60 1
30 60 1
27 30 60 -1
2 6 9 27 30 60 1
13 17 20 27 30 60 1
36 60 1
39 60 1
36 39 60 -1
3 6 9 36 39 60 1
14 17 20 36 39 60 1
24 27 30 36 39 60 1
44 60 1
47 60 1
44 47 60 -1
4 6 9 44 47 60 1
15 17 20 44 47 60 1
25 27 30 44 47 60 1
34 36 39 44 47 60 1
51 60 1
54 60 1
51 54 60 -1
5 6 9 51 54 60 1
16 17 20 51 54 60 1
26 27 30 51 54 60 1
35 36 39 51 54 60 1
43 44 47 51 54 60 1
58 60 1
59 60 1
61 -11
6 61 1
10 61 1
6 10 61 -1
17 61 1
21 61 1
17 21 61 -1
1 6 10 17 21 61 1
27 61 1
31 61 1
27 31 61 -1
2 6 10 27 31 61 1
13 17 21 27 31 61 1
36 61 1
40 61 1
36 40 61 -1
3 6 10 36 40 61 1
14 17 21 36 40 61 1
24 27 31 36 40 61 1
44 61 1
48 61 1
44 48 61 -1
4 6 10 44 48 61 1
15 17 21 44 48 61 1
25 27 31 44 48 61 1
34 36 40 44 48 61 1
51 61 1
55 61 1
51 55 61 -1
5 6 10 51 55 61 1
16 17 21 51 55 61 1
26 27 31 51 55 61 1
35 36 40 51 55 61 1
43 44 48 51 55 61 1
58 61 1
59 61 1
60 61 1
62 -11
6 62 1
11 62 1
6 11 62 -1
17 62 1
22 62 1
17 22 62 -1
1 6 11 17 22 62 1
27 62 1
32 62 1
27 32 62 -1
2 6 11 27 32 62 1
13 17 22 27 32 62 1
36 62 1
41 62 1
36 41 62 -1
3 6 11 36 41 62 1
14 17 22 36 41 62 1
24 27 32 36 41 62 1
44 62 1
49 62 1
44 49 62 -1
4 6 11 44 49 62 1
15 17 22 44 49 62 1
25 27 32 44 49 62 1
34 36 41 44 49 62 1
51 62 1
56 62 1
51 56 62 -1
5 6 11 51 56 62 1
16 17 22 51 56 62 1
26 27 32 51 56 62 1
35 36 41 51 56 62 1
43 44 49 51 56 62 1
58 62 1
59 62 1
60 62 1
61 62 1
63 -11
6 63 1
12 63 1
6 12 63 -1
17 63 1
23 63 1
17 23 63 -1
1 6 12 17 23 63 1
27 63 1
33 63 1
27 33 63 -1
2 6 12 27 33 63 1
13 17 23 27 33 63 1
36 63 1
42 63 1
36 42 63 -1
3 6 12 36 42 63 1
14 17 23 36 42 63 1
24 27 33 36 42 63 1
44 63 1
50 63 1
44 50 63 -1
4 6 12 44 50 63 1
15 17 23 44 50 63 1
25 27 33 44 50 63 1
34 36 42 44 50 63 1
51 63 1
57 63 1
51 57 63 -1
5 6 12 51 57 63 1
16 17 23 51 57 63 1
26 27 33 51 57 63 1
35 36 42 51 57 63 1
43 44 50 51 57 63 1
58 63 1
59 63 1
60 63 1
61 63 1
62 63 1
64 -11
7 64 1
8 64 1
7 8 64 -1
18 64 1
19 64 1
18 19 64 -1
1 7 8 18 19 64 1
28 64 1
29 64 1
28 29 64 -1
2 7 8 28 29 64 1
13 18 19 28 29 64 1
37 64 1
38 64 1
37 38 64 -1
3 7 8 37 38 64 1
14 18 19 37 38 64 1
24 28 29 37 38 64 1
45 64 1
46 64 1
45 46 64 -1
4 7 8 45 46 64 1
15 18 19 45 46 64 1
25 28 29 45 46 64 1
34 37 38 45 46 64 1
52 64 1
53 64 1
52 53 64 -1
5 7 8 52 53 64 1
16 18 19 52 53 64 1
26 28 29 52 53 64 1
35 37 38 52 53 64 1
43 45 46 52 53 64 1
58 64 1
59 64 1
58 59 64 -1
6 7 8 58 59 64 1
17 18 19 58 59 64 1
27 28 29 58 59 64 1
36 37 38 58 59 64 1
44 45 46 58 59 64 1
51 52 53 58 59 64 1
65 -11
7 65 1
9 65 1
7 9 65 -1
18 65 1
20 65 1
18 20 65 -1
1 7 9 18 20 65 1
28 65 1
30 65 1
28 30 65 -1
2 7 9 28 30 65 1
13 18 20 28 30 65 1
37 65 1
39 65 1
37 39 65 -1
3 7 9 37 39 65 1
14 18 20 37 39 65 1
24 28 30 37 39 65 1
45 65 1
47 65 1
45 47 65 -1
4 7 9 45 47 65 1
15 18 20 45 47 65 1
25 28 30 45 47 65 1
34 37 39 45 47 65 1
52 65 1
54 65 1
52 54 65 -1
5 7 9 52 54 65 1
16 18 20 52 54 65 1
26 28 30 52 54 65 1
35 37 39 52 54 65 1
43 45 47 52 54 65 1
58 65 1
60 65 1
58 60 65 -1
6 7 9 58 60 65 1
17 18 20 58 60 65 1
27 28 30 58 60 65 1
36 37 39 58 60 65 1
44 45 47 58 60 65 1
51 52 54 58 60 65 1
64 65 1
66 -11
7 66 1
10 66 1
7 10 66 -1
18 66 1
21 66 1
18 21 66 -1
1 7 10 18 21 66 1
28 66 1
31 66 1
28 31 66 -1
2 7 10 28 31 66 1
13 18 21 28 31 66 1
37 66 1
40 66 1
37 40 66 -1
3 7 10 37 40 66 1
14 18 21 37 40 66 1
24 28 31 37 40 66 1
45 66 1
48 66 1
45 48 66 -1
4 7 10 45 48 66 1
15 18 21 45 48 66 1
25 28 31 45 48 66 1
34 37 40 45 48 66 1
52 66 1
55 66 1
52 55 66 -1
5 7 10 52 55 66 1
16 18 21 52 55 66 1
26 28 31 52 55 66 1
35 37 40 52 55 66 1
43 45 48 52 55 66 1
58 66 1
61 66 1
58 61 66 -1
6 7 10 58 61 66 1
17 18 21 58 61 66 1
27 28 31 58 61 66 1
36 37 40 58 61 66 1
44 45 48 58 61 66 1
51 52 55 58 61 66 1
64 66 1
65 66 1
67 -11
7 67 1
11 67 1
7 11 67 -1
18 67 1
22 67 1
18 22 67 -1
1 7 11 18 22 67 1
28 67 1
32 67 1
28 32 67 -1
2 7 11 28 32 67 1
13 18 22 28 32 67 1
37 67 1
41 67 1
37 41 67 -1
3 7 11 37 41 67 1
14 18 22 37 41 67 1
24 28 32 37 41 67 1
45 67 1
49 67 1
45 49 67 -1
4 7 11 45 49 67 1
15 18 22 45 49 67 1
25 28 32 45 49 67 1
34 37 41 45 49 67 1
52 67 1
56 67 1
52 56 67 -1
5 7 11 52 56 67 1
16 18 22 52 56 67 1
26 28 32 52 56 67 1
35 37 41 52 56 67 1
43 45 49 52 56 67 1
58 67 1
62 67 1
58 62 67 -1
6 7 11 58 62 67 1
17 18 22 58 62 67 1
27 28 32 58 62 67 1
36 37 41 58 62 67 1
44 45 49 58 62 67 1
51 52 56 58 62 67 1
64 67 1
65 67 1
66 67 1
68 -11
7 68 1
12 68 1
7 12 68 -1
18 68 1
23 68 1
18 23 68 -1
1 7 12 18 23 68 1
28 68 1
33 68 1
28 33 68 -1
2 7 12 28 33 68 1
13 18 23 28 33 68 1
37 68 1
42 68 1
37 42 68 -1
3 7 12 37 42 68 1
14 18 23 37 42 68 1
24 28 33 37 42 68 1
45 68 1
50 68 1
45 50 68 -1
4 7 12 45 50 68 1
15 18 23 45 50 68 1
25 28 33 45 50 68 1
34 37 42 45 50 68 1
52 68 1
57 68 1
52 57 68 -1
5 7 12 52 57 68 1
16 18 23 52 57 68 1
26 28 33 52 57 68 1
35 37 42 52 57 68 1
43 45 50 52 57 68 1
58 68 1
63 68 1
58 63 68 -1
6 7 12 58 63 68 1
17 18 23 58 63 68 1
27 28 33 58 63 68 1
36 37 42 58 63 68 1
44 45 50 58 63 68 1
51 52 57 58 63 68 1
64 68 1
65 68 1
66 68 1
67 68 1
69 -11
8 69 1
9 69 1
8 9 69 -1
19 69 1
20 69 1
19 20 69 -1
1 8 9 19 20 69 1
29 69 1
30 69 1
29 30 69 -1
2 8 9 29 30 69 1
13 19 20 29 30 69 1
38 69 1
39 69 1
38 39 69 -1
3 8 9 38 39 69 1
14 19 20 38 39 69 1
24 29 30 38 39 69 1
46 69 1
47 69 1
46 47 69 -1
4 8 9 46 47 69 1
15 19 20 46 47 69 1
25 29 30 46 47 69 1
34 38 39 46 47 69 1
53 69 1
54 69 1
53 54 69 -1
5 8 9 53 54 69 1
16 19 20 53 54 69 1
26 29 30 53 54 69 1
35 38 39 53 54 69 1
43 46 47 53 54 69 1
59 69 1
60 69 1
59 60 69 -1
6 8 9 59 60 69 1
17 19 20 59 60 69 1
27 29 30 59 60 69 1
36 38 39 59 60 69 1
44 46 47 59 60 69 1
51 53 54 59 60 69 1
64 69 1
65 69 1
64 65 69 -1
7 8 9 64 65 69 1
18 19 20 64 65 69 1
28 29 30 64 65 69 1
37 38 39 64 65 69 1
45 46 47 64 65 69 1
52 53 54 64 65 69 1
58 59 60 64 65 69 1
70 -11
8 70 1
10 70 1
8 10 70 -1
19 70 1
21 70 1
19 21 70 -1
1 8 10 19 21 70 1
29 70 1
31 70 1
29 31 70 -1
2 8 10 29 31 70 1
13 19 21 29 31 70 1
38 70 1
40 70 1
38 40 70 -1
3 8 10 38 40 70 1
14 19 21 38 40 70 1
24 29 31 38 40 70 1
46 70 1
48 70 1
46 48 70 -1
4 8 10 46 48 70 1
15 19 21 46 48 70 1
25 29 31 46 48 70 1
34 38 40 46 48 70 1
53 70 1
55 70 1
53 55 70 -1
5 8 10 53 55 70 1
16 19 21 53 55 70 1
26 29 31 53 55 70 1
35 38 40 53 55 70 1
43 46 48 53 55 70 1
59 70 1
61 70 1
59 61 70 -1
6 8 10 59 61 70 1
17 19 21 59 61 70 1
27 29 31 59 61 70 1
36 38 40 59 61 70 1
44 46 48 59 61 70 1
51 53 55 59 61 70 1
64 70 1
66 70 1
64 66 70 -1
7 8 10 64 66 70 1
18 19 21 64 66 70 1
28 29 31 64 66 70 1
37 38 40 64 66 70 1
45 46 48 64 66 70 1
52 53 55 64 66 70 1
58 59 61 64 66 70 1
69 70 1
71 -11
8 71 1
11 71 1
8 11 71 -1
19 71 1
22 71 1
19 22 71 -1
1 8 11 19 22 71 1
29 71 1
32 71 1
29 32 71 -1
2 8 11 29 32 71 1
13 19 22 29 32 71 1
38 71 1
41 71 1
38 41 71 -1
3 8 11 38 41 71 1
14 19 22 38 41 71 1
24 29 32 38 41 71 1
46 71 1
49 71 1
46 49 71 -1
4 8 11 46 49 71 1
15 19 22 46 49 71 1
25 29 32 46 49 71 1
34 38 41 46 49 71 1
53 71 1
56 71 1
53 56 71 -1
5 8 11 53 56 71 1
16 19 22 53 56 71 1
26 29 32 53 56 71 1
35 38 41 53 56 71 1
43 46 49 53 56 71 1
59 71 1
62 71 1
59 62 71 -1
6 8 11 59 62 71 1
17 19 22 59 62 71 1
27 29 32 59 62 71 1
36 38 41 59 62 71 1
44 46 49 59 62 71 1
51 53 56 59 62 71 1
64 71 1
67 71 1
64 67 71 -1
7 8 11 64 67 71 1
18 19 22 64 67 71 1
28 29 32 64 67 71 1
37 38 41 64 67 71 1
45 46 49 64 67 71 1
52 53 56 64 67 71 1
58 59 62 64 67 71 1
69 71 1
70 71 1
72 -11
8 72 1
12 72 1
8 12 72 -1
19 72 1
23 72 1
19 23 72 -1
1 8 12 19 23 72 1
29 72 1
33 72 1
29 33 72 -1
2 8 12 29 33 72 1
13 19 23 29 33 72 1
38 72 1
42 72 1
38 42 72 -1
3 8 12 38 42 72 1
14 19 23 38 42 72 1
24 29 33 38 42 72 1
46 72 1
50 72 1
46 50 72 -1
4 8 12 46 50 72 1
15 19 23 46 50 72 1
25 29 33 46 50 72 1
34 38 42 46 50 72 1
53 72 1
57 72 1
53 57 72 -1
5 8 12 53 57 72 1
16 19 23 53 57 72 1
26 29 33 53 57 72 1
35 38 42 53 57 72 1
43 46 50 53 57 72 1
59 72 1
63 72 1
59 63 72 -1
6 8 12 59 63 72 1
17 19 23 59 63 72 1
27 29 33 59 63 72 1
36 38 42 59 63 72 1
44 46 50 59 63 72 1
51 53 57 59 63 72 1
64 72 1
68 72 1
64 68 72 -1
7 8 12 64 68 72 1
18 19 23 64 68 72 1
28 29 33 64 68 72 1
37 38 42 64 68 72 1
45 46 50 64 68 72 1
52 53 57 64 68 72 1
58 59 63 64 68 72 1
69 72 1
70 72 1
71 72 1
73 -11
9 73 1
10 73 1
9 10 73 -1
20 73 1
21 73 1
20 21 73 -1
1 9 10 20 21 73 1
30 73 1
31 73 1
30 31 73 -1
2 9 10 30 31 73 1
13 20 21 30 31 73 1
39 73 1
40 73 1
39 40 73 -1
3 9 10 39 40 73 1
14 20 21 39 40 73 1
24 30 31 39 40 73 1
47 73 1
48 73 1
47 48 73 -1
4 9 10 47 48 73 1
15 20 21 47 48 73 1
25 30 31 47 48 73 1
34 39 40 47 48 73 1
54 73 1
55 73 1
54 55 73 -1
5 9 10 54 55 73 1
16 20 21 54 55 73 1
26 30 31 54 55 73 1
35 39 40 54 55 73 1
43 47 48 54 55 73 1
60 73 1
61 73 1
60 61 73 -1
6 9 10 60 61 73 1
17 20 21 60 61 73 1
27 30 31 60 61 73 1
36 39 40 60 61 73 1
44 47 48 60 61 73 1
51 54 55 60 61 73 1
65 73 1
66 73 1
65 66 73 -1
7 9 10 65 66 73 1
18 20 21 65 66 73 1
28 30 31 65 66 73 1
37 39 40 65 66 73 1
45 47 48 65 66 73 1
52 54 55 65 66 73 1
58 60 61 65 66 73 1
69 73 1
70 73 1
69 70 73 -1
8 9 10 69 70 73 1
19 20 21 69 70 73 1
29 30 31 69 70 73 1
38 39 40 69 70 73 1
46 47 48 69 70 73 1
53 54 55 69 70 73 1
59 60 61 69 70 73 1
64 65 66 69 70 73 1
74 -11
9 74 1
11 74 1
9 11 74 -1
20 74 1
22 74 1
20 22 74 -1
1 9 11 20 22 74 1
30 74 1
32 74 1
30 32 74 -1
2 9 11 30 32 74 1
13 20 22 30 32 74 1
39 74 1
41 74 1
39 41 74 -1
3 9 11 39 41 74 1
14 20 22 39 41 74 1
24 30 32 39 41 74 1
47 74 1
49 74 1
47 49 74 -1
4 9 11 47 49 74 1
15 20 22 47 49 74 1
25 30 32 47 49 74 1
34 39 41 47 49 74 1
54 74 1
56 74 1
54 56 74 -1
5 9 11 54 56 74 1
16 20 22 54 56 74 1
26 30 32 54 56 74 1
35 39 41 54 56 74 1
43 47 49 54 56 74 1
60 74 1
62 74 1
60 62 74 -1
6 9 11 60 62 74 1
17 20 22 60 62 74 1
27 30 32 60 62 74 1
36 39 41 60 62 74 1
44 47 49 60 62 74 1
51 54 56 60 62 74 1
65 74 1
67 74 1
65 67 74 -1
7 9 11 65 67 74 1
18 20 22 65 67 74 1
28 30 32 65 67 74 1
37 39 41 65 67 74 1
45 47 49 65 67 74 1
52 54 56 65 67 74 1
58 60 62 65 67 74 1
69 74 1
71 74 1
69 71 74 -1
8 9 11 69 71 74 1
19 20 22 69 71 74 1
29 30 32 69 71 74 1
38 39 41 69 71 74 1
46 47 49 69 71 74 1
53 54 56 69 71 74 1
59 60 62 69 71 74 1
64 65 67 69 71 74 1
73 74 1
75 -11
9 75 1
12 75 1
9 12 75 -1
20 75 1
23 75 1
20 23 75 -1
1 9 12 20 23 75 1
30 75 1
33 75 1
30 33 75 -1
2 9 12 30 33 75 1
13 20 23 30 33 75 1
39 75 1
42 75 1
39 42 75 -1
3 9 12 39 42 75 1
14 20 23 39 42 75 1
24 30 33 39 42 75 1
47 75 1
50 75 1
47 50 75 -1
4 9 12 47 50 75 1
15 20 23 47 50 75 1
25 30 33 47 50 75 1
34 39 42 47 50 75 1
54 75 1
57 75 1
54 57 75 -1
5 9 12 54 57 75 1
16 20 23 54 57 75 1
26 30 33 54 57 75 1
35 39 42 54 57 75 1
43 47 50 54 57 75 1
60 75 1
63 75 1
60 63 75 -1
6 9 12 60 63 75 1
17 20 23 60 63 75 1
27 30 33 60 63 75 1
36 39 42 60 63 75 1
44 47 50 60 63 75 1
51 54 57 60 63 75 1
65 75 1
68 75 1
65 68 75 -1
7 9 12 65 68 75 1
18 20 23 65 68 75 1
28 30 33 65 68 75 1
37 39 42 65 68 75 1
45 47 50 65 68 75 1
52 54 57 65 68 75 1
58 60 63 65 68 75 1
69 75 1
72 75 1
69 72 75 -1
8 9 12 69 72 75 1
19 20 23 69 72 75 1
29 30 33 69 72 75 1
38 39 42 69 72 75 1
46 47 50 69 72 75 1
53 54 57 69 72 75 1
59 60 63 69 72 75 1
64 65 68 69 72 75 1
73 75 1
74 75 1
76 -11
10 76 1
11 76 1
10 11 76 -1
21 76 1
22 76 1
21 22 76 -1
1 10 11 21 22 76 1
31 76 1
32 76 1
31 32 76 -1
2 10 11 31 32 76 1
13 21 22 31 32 76 1
40 76 1
41 76 1
40 41 76 -1
3 10 11 40 41 76 1
14 21 22 40 41 76 1
24 31 32 40 41 76 1
48 76 1
49 76 1
48 49 76 -1
4 10 11 48 49 76 1
15 21 22 48 49 76 1
25 31 32 48 49 76 1
34 40 41 48 49 76 1
55 76 1
56 76 1
55 56 76 -1
5 10 11 55 56 76 1
16 21 22 55 56 76 1
26 31 32 55 56 76 1
35 40 41 55 56 76 1
43 48 49 55 56 76 1
61 76 1
62 76 1
61 62 76 -1
6 10 11 61 62 76 1
17 21 22 61 62 76 1
27 31 32 61 62 76 1
36 40 41 61 62 76 1
44 48 49 61 62 76 1
51 55 56 61 62 76 1
66 76 1
67 76 1
66 67 76 -1
7 10 11 66 67 76 1
18 21 22 66 67 76 1
28 31 32 66 67 76 1
37 40 41 66 67 76 1
45 48 49 66 67 76 1
52 55 56 66 67 76 1
58 61 62 66 67 76 1
70 76 1
71 76 1
70 71 76 -1
8 10 11 70 71 76 1
19 21 22 70 71 76 1
29 31 32 70 71 76 1
38 40 41 70 71 76 1
46 48 49 70 71 76 1
53 55 56 70 71 76 1
59 61 62 70 71 76 1
64 66 67 70 71 76 1
73 76 1
74 76 1
73 74 76 -1
9 10 11 73 74 76 1
20 21 22 73 74 76 1
30 31 32 73 74 76 1
39 40 41 73 74 76 1
47 48 49 73 74 76 1
54 55 56 73 74 76 1
60 61 62 73 74 76 1
65 66 67 73 74 76 1
69 70 71 73 74 76 1
77 -11
10 77 1
12 77 1
10 12 77 -1
21 77 1
23 77 1
21 23 77 -1
1 10 12 21 23 77 1
31 77 1
33 77 1
31 33 77 -1
2 10 12 31 33 77 1
13 21 23 31 33 77 1
40 77 1
42 77 1
40 42 77 -1
3 10 12 40 42 77 1
14 21 23 40 42 77 1
24 31 33 40 42 77 1
48 77 1
50 77 1
48 50 77 -1
4 10 12 48 50 77 1
15 21 23 48 50 77 1
25 31 33 48 50 77 1
34 40 42 48 50 77 1
55 77 1
57 77 1
55 57 77 -1
5 10 12 55 57 77 1
16 21 23 55 57 77 1
26 31 33 55 57 77 1
35 40 42 55 57 77 1
43 48 50 55 57 77 1
61 77 1
63 77 1
61 63 77 -1
6 10 12 61 63 77 1
17 21 23 61 63 77 1
27 31 33 61 63 77 1
36 40 42 61 63 77 1
44 48 50 61 63 77 1
51 55 57 61 63 77 1
66 77 1
68 77 1
66 68 77 -1
7 10 12 66 68 77 1
18 21 23 66 68 77 1
28 31 33 66 68 77 1
37 40 42 66 68 77 1
45 48 50 66 68 77 1
52 55 57 66 68 77 1
58 61 63 66 68 77 1
70 77 1
72 77 1
70 72 77 -1
8 10 12 70 72 77 1
19 21 23 70 72 77 1
29 31 33 70 72 77 1
38 40 42 70 72 77 1
46 48 50 70 72 77 1
53 55 57 70 72 77 1
59 61 63 70 72 77 1
64 66 68 70 72 77 1
73 77 1
75 77 1
73 75 77 -1
9 10 12 73 75 77 1
20 21 23 73 75 77 1
30 31 33 73 75 77 1
39 40 42 73 75 77 1
47 48 50 73 75 77 1
54 55 57 73 75 77 1
60 61 63 73 75 77 1
65 66 68 73 75 77 1
69 70 72 73 75 77 1
76 77 1
78 -11
11 78 1
12 78 1
11 12 78 -1
22 78 1
23 78 1
22 23 78 -1
1 11 12 22 23 78 1
32 78 1
33 78 1
32 33 78 -1
2 11 12 32 33 78 1
13 22 23 32 33 78 1
41 78 1
42 78 1
41 42 78 -1
3 11 12 41 42 78 1
14 22 23 41 42 78 1
24 32 33 41 42 78 1
49 78 1
50 78 1
49 50 78 -1
4 11 12 49 50 78 1
15 22 23 49 50 78 1
25 32 33 49 50 78 1
34 41 42 49 50 78 1
56 78 1
57 78 1
56 57 78 -1
5 11 12 56 57 78 1
16 22 23 56 57 78 1
26 32 33 56 57 78 1
35 41 42 56 57 78 1
43 49 50 56 57 78 1
62 78 1
63 78 1
62 63 78 -1
6 11 12 62 63 78 1
17 22 23 62 63 78 1
27 32 33 62 63 78 1
36 41 42 62 63 78 1
44 49 50 62 63 78 1
51 56 57 62 63 78 1
67 78 1
68 78 1
67 68 78 -1
7 11 12 67 68 78 1
18 22 23 67 68 78 1
28 32 33 67 68 78 1
37 41 42 67 68 78 1
45 49 50 67 68 78 1
52 56 57 67 68 78 1
58 62 63 67 68 78 1
71 78 1
72 78 1
71 72 78 -1
8 11 12 71 72 78 1
19 22 23 71 72 78 1
29 32 33 71 72 78 1
38 41 42 71 72 78 1
46 49 50 71 72 78 1
53 56 57 71 72 78 1
59 62 63 71 72 78 1
64 67 68 71 72 78 1
74 78 1
75 78 1
74 75 78 -1
9 11 12 74 75 78 1
20 22 23 74 75 78 1
30 32 33 74 75 78 1
39 41 42 74 75 78 1
47 49 50 74 75 78 1
54 56 57 74 75 78 1
60 62 63 74 75 78 1
65 67 68 74 75 78 1
69 71 72 74 75 78 1
76 78 1
77 78 1
76 77 78 -1
10 11 12 76 77 78 1
21 22 23 76 77 78 1
31 32 33 76 77 78 1
40 41 42 76 77 78 1
48 49 50 76 77 78 1
55 56 57 76 77 78 1
61 62 63 76 77 78 1
66 67 68 76 77 78 1
70 71 72 76 77 78 1
73 74 75 76 77 78 1
