5
1 -3
2 -3
1 2 2
3 -3
1 3 2
2 3 2
1 2 3 -1
4 -3
1 4 2
2 4 2
1 2 4 -1
3 4 2
1 3 4 -1
2 3 4 -1
5 -3
1 5 2
2 5 2
1 2 5 -2
3 5 1
1 3 5 -1
2 3 5 -1
1 2 3 5 1
4 5 1
1 4 5 -1
2 4 5 -1
1 2 4 5 1
6 -3
1 6 2
2 6 1
1 2 6 -1
3 6 2
1 3 6 -2
2 3 6 -1
1 2 3 6 1
4 6 1
1 4 6 -1
3 4 6 -1
1 3 4 6 1
5 6 2
1 5 6 -1
2 5 6 -1
1 2 5 6 1
3 5 6 -1
1 3 5 6 1
2 3 5 6 1
1 2 3 5 6 -1
7 -3
1 7 2
2 7 1
1 2 7 -1
3 7 1
1 3 7 -1
4 7 2
1 4 7 -2
2 4 7 -1
1 2 4 7 1
3 4 7 -1
1 3 4 7 1
5 7 2
1 5 7 -1
2 5 7 -1
1 2 5 7 1
4 5 7 -1
1 4 5 7 1
2 4 5 7 1
1 2 4 5 7 -1
6 7 2
1 6 7 -1
3 6 7 -1
1 3 6 7 1
4 6 7 -1
1 4 6 7 1
3 4 6 7 1
1 3 4 6 7 -1
5 6 7 -1
8 -3
1 8 1
2 8 2
1 2 8 -1
3 8 2
1 3 8 -1
2 3 8 -2
1 2 3 8 1
4 8 1
2 4 8 -1
3 4 8 -1
2 3 4 8 1
5 8 2
1 5 8 -1
2 5 8 -1
1 2 5 8 1
3 5 8 -1
1 3 5 8 1
2 3 5 8 1
1 2 3 5 8 -1
6 8 2
1 6 8 -1
2 6 8 -1
1 2 6 8 1
3 6 8 -1
1 3 6 8 1
2 3 6 8 1
1 2 3 6 8 -1
5 6 8 -2
1 5 6 8 1
2 5 6 8 1
1 2 5 6 8 -1
3 5 6 8 1
1 3 5 6 8 -1
2 3 5 6 8 -1
1 2 3 5 6 8 2
7 8 1
5 7 8 -1
6 7 8 -1
5 6 7 8 1
9 -3
1 9 1
2 9 2
1 2 9 -1
3 9 1
2 3 9 -1
4 9 2
1 4 9 -1
2 4 9 -2
1 2 4 9 1
3 4 9 -1
2 3 4 9 1
5 9 2
1 5 9 -1
2 5 9 -1
1 2 5 9 1
4 5 9 -1
1 4 5 9 1
2 4 5 9 1
1 2 4 5 9 -1
6 9 1
5 6 9 -1
7 9 2
1 7 9 -1
2 7 9 -1
1 2 7 9 1
4 7 9 -1
1 4 7 9 1
2 4 7 9 1
1 2 4 7 9 -1
5 7 9 -2
1 5 7 9 1
2 5 7 9 1
1 2 5 7 9 -1
4 5 7 9 1
1 4 5 7 9 -1
2 4 5 7 9 -1
1 2 4 5 7 9 2
6 7 9 -1
5 6 7 9 1
8 9 2
2 8 9 -1
3 8 9 -1
2 3 8 9 1
4 8 9 -1
2 4 8 9 1
3 4 8 9 1
2 3 4 8 9 -1
5 8 9 -1
6 8 9 -1
5 6 8 9 1
7 8 9 -1
5 7 8 9 1
6 7 8 9 1
5 6 7 8 9 -1
10 -3
1 10 1
2 10 1
3 10 2
1 3 10 -1
2 3 10 -1
4 10 2
1 4 10 -1
2 4 10 -1
3 4 10 -2
1 3 4 10 1
2 3 4 10 1
5 10 1
6 10 2
1 6 10 -1
3 6 10 -1
1 3 6 10 1
4 6 10 -1
1 4 6 10 1
3 4 6 10 1
1 3 4 6 10 -1
5 6 10 -1
7 10 2
1 7 10 -1
3 7 10 -1
1 3 7 10 1
4 7 10 -1
1 4 7 10 1
3 4 7 10 1
1 3 4 7 10 -1
5 7 10 -1
6 7 10 -2
1 6 7 10 1
3 6 7 10 1
1 3 6 7 10 -1
4 6 7 10 1
1 4 6 7 10 -1
3 4 6 7 10 -1
1 3 4 6 7 10 2
5 6 7 10 1
8 10 2
2 8 10 -1
3 8 10 -1
2 3 8 10 1
4 8 10 -1
2 4 8 10 1
3 4 8 10 1
2 3 4 8 10 -1
5 8 10 -1
6 8 10 -1
5 6 8 10 1
7 8 10 -1
5 7 8 10 1
6 7 8 10 1
5 6 7 8 10 -1
9 10 2
2 9 10 -1
3 9 10 -1
2 3 9 10 1
4 9 10 -1
2 4 9 10 1
3 4 9 10 1
2 3 4 9 10 -1
5 9 10 -1
6 9 10 -1
5 6 9 10 1
7 9 10 -1
5 7 9 10 1
6 7 9 10 1
5 6 7 9 10 -1
8 9 10 -2
2 8 9 10 1
3 8 9 10 1
2 3 8 9 10 -1
4 8 9 10 1
2 4 8 9 10 -1
3 4 8 9 10 -1
2 3 4 8 9 10 2
5 8 9 10 1
6 8 9 10 1
5 6 8 9 10 -1
7 8 9 10 1
5 7 8 9 10 -1
6 7 8 9 10 -1
5 6 7 8 9 10 2
