165
1 -9
2 -9
1 2 1
3 -9
1 3 1
2 3 1
4 -9
1 4 1
2 4 1
3 4 1
5 -9
1 5 1
2 5 1
3 5 1
4 5 1
6 -9
1 6 1
2 6 1
3 6 1
4 6 1
5 6 1
7 -9
1 7 1
2 7 1
3 7 1
4 7 1
5 7 1
6 7 1
8 -9
1 8 1
2 8 1
3 8 1
4 8 1
5 8 1
6 8 1
7 8 1
9 -9
1 9 1
2 9 1
3 9 1
4 9 1
5 9 1
6 9 1
7 9 1
8 9 1
10 -9
1 10 1
2 10 1
3 10 1
4 10 1
5 10 1
6 10 1
7 10 1
8 10 1
9 10 1
11 -9
1 11 1
2 11 1
1 2 11 -1
12 -9
1 12 1
3 12 1
1 3 12 -1
11 12 1
13 -9
1 13 1
4 13 1
1 4 13 -1
11 13 1
12 13 1
14 -9
1 14 1
5 14 1
1 5 14 -1
11 14 1
12 14 1
13 14 1
15 -9
1 15 1
6 15 1
1 6 15 -1
11 15 1
12 15 1
13 15 1
14 15 1
16 -9
1 16 1
7 16 1
1 7 16 -1
11 16 1
12 16 1
13 16 1
14 16 1
15 16 1
17 -9
1 17 1
8 17 1
1 8 17 -1
11 17 1
12 17 1
13 17 1
14 17 1
15 17 1
16 17 1
18 -9
1 18 1
9 18 1
1 9 18 -1
11 18 1
12 18 1
13 18 1
14 18 1
15 18 1
16 18 1
17 18 1
19 -9
1 19 1
10 19 1
1 10 19 -1
11 19 1
12 19 1
13 19 1
14 19 1
15 19 1
16 19 1
17 19 1
18 19 1
20 -9
2 20 1
3 20 1
2 3 20 -1
11 20 1
12 20 1
11 12 20 -1
21 -9
2 21 1
4 21 1
2 4 21 -1
11 21 1
13 21 1
11 13 21 -1
20 21 1
22 -9
2 22 1
5 22 1
2 5 22 -1
11 22 1
14 22 1
11 14 22 -1
20 22 1
21 22 1
23 -9
2 23 1
6 23 1
2 6 23 -1
11 23 1
15 23 1
11 15 23 -1
20 23 1
21 23 1
22 23 1
24 -9
2 24 1
7 24 1
2 7 24 -1
11 24 1
16 24 1
11 16 24 -1
20 24 1
21 24 1
22 24 1
23 24 1
25 -9
2 25 1
8 25 1
2 8 25 -1
11 25 1
17 25 1
11 17 25 -1
20 25 1
21 25 1
22 25 1
23 25 1
24 25 1
26 -9
2 26 1
9 26 1
2 9 26 -1
11 26 1
18 26 1
11 18 26 -1
20 26 1
21 26 1
22 26 1
23 26 1
24 26 1
25 26 1
27 -9
2 27 1
10 27 1
2 10 27 -1
11 27 1
19 27 1
11 19 27 -1
20 27 1
21 27 1
22 27 1
23 27 1
24 27 1
25 27 1
26 27 1
28 -9
3 28 1
4 28 1
3 4 28 -1
12 28 1
13 28 1
12 13 28 -1
20 28 1
21 28 1
20 21 28 -1
1 2 3 4 11 12 13 20 21 28 1
29 -9
3 29 1
5 29 1
3 5 29 -1
12 29 1
14 29 1
12 14 29 -1
20 29 1
22 29 1
20 22 29 -1
1 2 3 5 11 12 14 20 22 29 1
28 29 1
30 -9
3 30 1
6 30 1
3 6 30 -1
12 30 1
15 30 1
12 15 30 -1
20 30 1
23 30 1
20 23 30 -1
1 2 3 6 11 12 15 20 23 30 1
28 30 1
29 30 1
31 -9
3 31 1
7 31 1
3 7 31 -1
12 31 1
16 31 1
12 16 31 -1
20 31 1
24 31 1
20 24 31 -1
1 2 3 7 11 12 16 20 24 31 1
28 31 1
29 31 1
30 31 1
32 -9
3 32 1
8 32 1
3 8 32 -1
12 32 1
17 32 1
12 17 32 -1
20 32 1
25 32 1
20 25 32 -1
1 2 3 8 11 12 17 20 25 32 1
28 32 1
29 32 1
30 32 1
31 32 1
33 -9
3 33 1
9 33 1
3 9 33 -1
12 33 1
18 33 1
12 18 33 -1
20 33 1
26 33 1
20 26 33 -1
1 2 3 9 11 12 18 20 26 33 1
28 33 1
29 33 1
30 33 1
31 33 1
32 33 1
34 -9
3 34 1
10 34 1
3 10 34 -1
12 34 1
19 34 1
12 19 34 -1
20 34 1
27 34 1
20 27 34 -1
1 2 3 10 11 12 19 20 27 34 1
28 34 1
29 34 1
30 34 1
31 34 1
32 34 1
33 34 1
35 -9
4 35 1
5 35 1
4 5 35 -1
13 35 1
14 35 1
13 14 35 -1
21 35 1
22 35 1
21 22 35 -1
1 2 4 5 11 13 14 21 22 35 1
28 35 1
29 35 1
28 29 35 -1
1 3 4 5 12 13 14 28 29 35 1
2 3 4 5 20 21 22 28 29 35 1
11 12 13 14 20 21 22 28 29 35 1
36 -9
4 36 1
6 36 1
4 6 36 -1
13 36 1
15 36 1
13 15 36 -1
21 36 1
23 36 1
21 23 36 -1
1 2 4 6 11 13 15 21 23 36 1
28 36 1
30 36 1
28 30 36 -1
1 3 4 6 12 13 15 28 30 36 1
2 3 4 6 20 21 23 28 30 36 1
11 12 13 15 20 21 23 28 30 36 1
35 36 1
37 -9
4 37 1
7 37 1
4 7 37 -1
13 37 1
16 37 1
13 16 37 -1
21 37 1
24 37 1
21 24 37 -1
1 2 4 7 11 13 16 21 24 37 1
28 37 1
31 37 1
28 31 37 -1
1 3 4 7 12 13 16 28 31 37 1
2 3 4 7 20 21 24 28 31 37 1
11 12 13 16 20 21 24 28 31 37 1
35 37 1
36 37 1
38 -9
4 38 1
8 38 1
4 8 38 -1
13 38 1
17 38 1
13 17 38 -1
21 38 1
25 38 1
21 25 38 -1
1 2 4 8 11 13 17 21 25 38 1
28 38 1
32 38 1
28 32 38 -1
1 3 4 8 12 13 17 28 32 38 1
2 3 4 8 20 21 25 28 32 38 1
11 12 13 17 20 21 25 28 32 38 1
35 38 1
36 38 1
37 38 1
39 -9
4 39 1
9 39 1
4 9 39 -1
13 39 1
18 39 1
13 18 39 -1
21 39 1
26 39 1
21 26 39 -1
1 2 4 9 11 13 18 21 26 39 1
28 39 1
33 39 1
28 33 39 -1
1 3 4 9 12 13 18 28 33 39 1
2 3 4 9 20 21 26 28 33 39 1
11 12 13 18 20 21 26 28 33 39 1
35 39 1
36 39 1
37 39 1
38 39 1
40 -9
4 40 1
10 40 1
4 10 40 -1
13 40 1
19 40 1
13 19 40 -1
21 40 1
27 40 1
21 27 40 -1
1 2 4 10 11 13 19 21 27 40 1
28 40 1
34 40 1
28 34 40 -1
1 3 4 10 12 13 19 28 34 40 1
2 3 4 10 20 21 27 28 34 40 1
11 12 13 19 20 21 27 28 34 40 1
35 40 1
36 40 1
37 40 1
38 40 1
39 40 1
41 -9
5 41 1
6 41 1
5 6 41 -1
14 41 1
15 41 1
14 15 41 -1
22 41 1
23 41 1
22 23 41 -1
1 2 5 6 11 14 15 22 23 41 1
29 41 1
30 41 1
29 30 41 -1
1 3 5 6 12 14 15 29 30 41 1
2 3 5 6 20 22 23 29 30 41 1
11 12 14 15 20 22 23 29 30 41 1
35 41 1
36 41 1
35 36 41 -1
1 4 5 6 13 14 15 35 36 41 1
2 4 5 6 21 22 23 35 36 41 1
11 13 14 15 21 22 23 35 36 41 1
3 4 5 6 28 29 30 35 36 41 1
12 13 14 15 28 29 30 35 36 41 1
20 21 22 23 28 29 30 35 36 41 1
42 -9
5 42 1
7 42 1
5 7 42 -1
14 42 1
16 42 1
14 16 42 -1
22 42 1
24 42 1
22 24 42 -1
1 2 5 7 11 14 16 22 24 42 1
29 42 1
31 42 1
29 31 42 -1
1 3 5 7 12 14 16 29 31 42 1
2 3 5 7 20 22 24 29 31 42 1
11 12 14 16 20 22 24 29 31 42 1
35 42 1
37 42 1
35 37 42 -1
1 4 5 7 13 14 16 35 37 42 1
2 4 5 7 21 22 24 35 37 42 1
11 13 14 16 21 22 24 35 37 42 1
3 4 5 7 28 29 31 35 37 42 1
12 13 14 16 28 29 31 35 37 42 1
20 21 22 24 28 29 31 35 37 42 1
41 42 1
43 -9
5 43 1
8 43 1
5 8 43 -1
14 43 1
17 43 1
14 17 43 -1
22 43 1
25 43 1
22 25 43 -1
1 2 5 8 11 14 17 22 25 43 1
29 43 1
32 43 1
29 32 43 -1
1 3 5 8 12 14 17 29 32 43 1
2 3 5 8 20 22 25 29 32 43 1
11 12 14 17 20 22 25 29 32 43 1
35 43 1
38 43 1
35 38 43 -1
1 4 5 8 13 14 17 35 38 43 1
2 4 5 8 21 22 25 35 38 43 1
11 13 14 17 21 22 25 35 38 43 1
3 4 5 8 28 29 32 35 38 43 1
12 13 14 17 28 29 32 35 38 43 1
20 21 22 25 28 29 32 35 38 43 1
41 43 1
42 43 1
44 -9
5 44 1
9 44 1
5 9 44 -1
14 44 1
18 44 1
14 18 44 -1
22 44 1
26 44 1
22 26 44 -1
1 2 5 9 11 14 18 22 26 44 1
29 44 1
33 44 1
29 33 44 -1
1 3 5 9 12 14 18 29 33 44 1
2 3 5 9 20 22 26 29 33 44 1
11 12 14 18 20 22 26 29 33 44 1
35 44 1
39 44 1
35 39 44 -1
1 4 5 9 13 14 18 35 39 44 1
2 4 5 9 21 22 26 35 39 44 1
11 13 14 18 21 22 26 35 39 44 1
3 4 5 9 28 29 33 35 39 44 1
12 13 14 18 28 29 33 35 39 44 1
20 21 22 26 28 29 33 35 39 44 1
41 44 1
42 44 1
43 44 1
45 -9
5 45 1
10 45 1
5 10 45 -1
14 45 1
19 45 1
14 19 45 -1
22 45 1
27 45 1
22 27 45 -1
1 2 5 10 11 14 19 22 27 45 1
29 45 1
34 45 1
29 34 45 -1
1 3 5 10 12 14 19 29 34 45 1
2 3 5 10 20 22 27 29 34 45 1
11 12 14 19 20 22 27 29 34 45 1
35 45 1
40 45 1
35 40 45 -1
1 4 5 10 13 14 19 35 40 45 1
2 4 5 10 21 22 27 35 40 45 1
11 13 14 19 21 22 27 35 40 45 1
3 4 5 10 28 29 34 35 40 45 1
12 13 14 19 28 29 34 35 40 45 1
20 21 22 27 28 29 34 35 40 45 1
41 45 1
42 45 1
43 45 1
44 45 1
46 -9
6 46 1
7 46 1
6 7 46 -1
15 46 1
16 46 1
15 16 46 -1
23 46 1
24 46 1
23 24 46 -1
1 2 6 7 11 15 16 23 24 46 1
30 46 1
31 46 1
30 31 46 -1
1 3 6 7 12 15 16 30 31 46 1
2 3 6 7 20 23 24 30 31 46 1
11 12 15 16 20 23 24 30 31 46 1
36 46 1
37 46 1
36 37 46 -1
1 4 6 7 13 15 16 36 37 46 1
2 4 6 7 21 23 24 36 37 46 1
11 13 15 16 21 23 24 36 37 46 1
3 4 6 7 28 30 31 36 37 46 1
12 13 15 16 28 30 31 36 37 46 1
20 21 23 24 28 30 31 36 37 46 1
41 46 1
42 46 1
41 42 46 -1
1 5 6 7 14 15 16 41 42 46 1
2 5 6 7 22 23 24 41 42 46 1
11 14 15 16 22 23 24 41 42 46 1
3 5 6 7 29 30 31 41 42 46 1
12 14 15 16 29 30 31 41 42 46 1
20 22 23 24 29 30 31 41 42 46 1
4 5 6 7 35 36 37 41 42 46 1
13 14 15 16 35 36 37 41 42 46 1
21 22 23 24 35 36 37 41 42 46 1
28 29 30 31 35 36 37 41 42 46 1
47 -9
6 47 1
8 47 1
6 8 47 -1
15 47 1
17 47 1
15 17 47 -1
23 47 1
25 47 1
23 25 47 -1
1 2 6 8 11 15 17 23 25 47 1
30 47 1
32 47 1
30 32 47 -1
1 3 6 8 12 15 17 30 32 47 1
2 3 6 8 20 23 25 30 32 47 1
11 12 15 17 20 23 25 30 32 47 1
36 47 1
38 47 1
36 38 47 -1
1 4 6 8 13 15 17 36 38 47 1
2 4 6 8 21 23 25 36 38 47 1
11 13 15 17 21 23 25 36 38 47 1
3 4 6 8 28 30 32 36 38 47 1
12 13 15 17 28 30 32 36 38 47 1
20 21 23 25 28 30 32 36 38 47 1
41 47 1
43 47 1
41 43 47 -1
1 5 6 8 14 15 17 41 43 47 1
2 5 6 8 22 23 25 41 43 47 1
11 14 15 17 22 23 25 41 43 47 1
3 5 6 8 29 30 32 41 43 47 1
12 14 15 17 29 30 32 41 43 47 1
20 22 23 25 29 30 32 41 43 47 1
4 5 6 8 35 36 38 41 43 47 1
13 14 15 17 35 36 38 41 43 47 1
21 22 23 25 35 36 38 41 43 47 1
28 29 30 32 35 36 38 41 43 47 1
46 47 1
48 -9
6 48 1
9 48 1
6 9 48 -1
15 48 1
18 48 1
15 18 48 -1
23 48 1
26 48 1
23 26 48 -1
1 2 6 9 11 15 18 23 26 48 1
30 48 1
33 48 1
30 33 48 -1
1 3 6 9 12 15 18 30 33 48 1
2 3 6 9 20 23 26 30 33 48 1
11 12 15 18 20 23 26 30 33 48 1
36 48 1
39 48 1
36 39 48 -1
1 4 6 9 13 15 18 36 39 48 1
2 4 6 9 21 23 26 36 39 48 1
11 13 15 18 21 23 26 36 39 48 1
3 4 6 9 28 30 33 36 39 48 1
12 13 15 18 28 30 33 36 39 48 1
20 21 23 26 28 30 33 36 39 48 1
41 48 1
44 48 1
41 44 48 -1
1 5 6 9 14 15 18 41 44 48 1
2 5 6 9 22 23 26 41 44 48 1
11 14 15 18 22 23 26 41 44 48 1
3 5 6 9 29 30 33 41 44 48 1
12 14 15 18 29 30 33 41 44 48 1
20 22 23 26 29 30 33 41 44 48 1
4 5 6 9 35 36 39 41 44 48 1
13 14 15 18 35 36 39 41 44 48 1
21 22 23 26 35 36 39 41 44 48 1
28 29 30 33 35 36 39 41 44 48 1
46 48 1
47 48 1
49 -9
6 49 1
10 49 1
6 10 49 -1
15 49 1
19 49 1
15 19 49 -1
23 49 1
27 49 1
23 27 49 -1
1 2 6 10 11 15 19 23 27 49 1
30 49 1
34 49 1
30 34 49 -1
1 3 6 10 12 15 19 30 34 49 1
2 3 6 10 20 23 27 30 34 49 1
11 12 15 19 20 23 27 30 34 49 1
36 49 1
40 49 1
36 40 49 -1
1 4 6 10 13 15 19 36 40 49 1
2 4 6 10 21 23 27 36 40 49 1
11 13 15 19 21 23 27 36 40 49 1
3 4 6 10 28 30 34 36 40 49 1
12 13 15 19 28 30 34 36 40 49 1
20 21 23 27 28 30 34 36 40 49 1
41 49 1
45 49 1
41 45 49 -1
1 5 6 10 14 15 19 41 45 49 1
2 5 6 10 22 23 27 41 45 49 1
11 14 15 19 22 23 27 41 45 49 1
3 5 6 10 29 30 34 41 45 49 1
12 14 15 19 29 30 34 41 45 49 1
20 22 23 27 29 30 34 41 45 49 1
4 5 6 10 35 36 40 41 45 49 1
13 14 15 19 35 36 40 41 45 49 1
21 22 23 27 35 36 40 41 45 49 1
28 29 30 34 35 36 40 41 45 49 1
46 49 1
47 49 1
48 49 1
50 -9
7 50 1
8 50 1
7 8 50 -1
16 50 1
17 50 1
16 17 50 -1
24 50 1
25 50 1
24 25 50 -1
1 2 7 8 11 16 17 24 25 50 1
31 50 1
32 50 1
31 32 50 -1
1 3 7 8 12 16 17 31 32 50 1
2 3 7 8 20 24 25 31 32 50 1
11 12 16 17 20 24 25 31 32 50 1
37 50 1
38 50 1
37 38 50 -1
1 4 7 8 13 16 17 37 38 50 1
2 4 7 8 21 24 25 37 38 50 1
11 13 16 17 21 24 25 37 38 50 1
3 4 7 8 28 31 32 37 38 50 1
12 13 16 17 28 31 32 37 38 50 1
20 21 24 25 28 31 32 37 38 50 1
42 50 1
43 50 1
42 43 50 -1
1 5 7 8 14 16 17 42 43 50 1
2 5 7 8 22 24 25 42 43 50 1
11 14 16 17 22 24 25 42 43 50 1
3 5 7 8 29 31 32 42 43 50 1
12 14 16 17 29 31 32 42 43 50 1
20 22 24 25 29 31 32 42 43 50 1
4 5 7 8 35 37 38 42 43 50 1
13 14 16 17 35 37 38 42 43 50 1
21 22 24 25 35 37 38 42 43 50 1
28 29 31 32 35 37 38 42 43 50 1
46 50 1
47 50 1
46 47 50 -1
1 6 7 8 15 16 17 46 47 50 1
2 6 7 8 23 24 25 46 47 50 1
11 15 16 17 23 24 25 46 47 50 1
3 6 7 8 30 31 32 46 47 50 1
12 15 16 17 30 31 32 46 47 50 1
20 23 24 25 30 31 32 46 47 50 1
4 6 7 8 36 37 38 46 47 50 1
13 15 16 17 36 37 38 46 47 50 1
21 23 24 25 36 37 38 46 47 50 1
28 30 31 32 36 37 38 46 47 50 1
5 6 7 8 41 42 43 46 47 50 1
14 15 16 17 41 42 43 46 47 50 1
22 23 24 25 41 42 43 46 47 50 1
29 30 31 32 41 42 43 46 47 50 1
35 36 37 38 41 42 43 46 47 50 1
51 -9
7 51 1
9 51 1
7 9 51 -1
16 51 1
18 51 1
16 18 51 -1
24 51 1
26 51 1
24 26 51 -1
1 2 7 9 11 16 18 24 26 51 1
31 51 1
33 51 1
31 33 51 -1
1 3 7 9 12 16 18 31 33 51 1
2 3 7 9 20 24 26 31 33 51 1
11 12 16 18 20 24 26 31 33 51 1
37 51 1
39 51 1
37 39 51 -1
1 4 7 9 13 16 18 37 39 51 1
2 4 7 9 21 24 26 37 39 51 1
11 13 16 18 21 24 26 37 39 51 1
3 4 7 9 28 31 33 37 39 51 1
12 13 16 18 28 31 33 37 39 51 1
20 21 24 26 28 31 33 37 39 51 1
42 51 1
44 51 1
42 44 51 -1
1 5 7 9 14 16 18 42 44 51 1
2 5 7 9 22 24 26 42 44 51 1
11 14 16 18 22 24 26 42 44 51 1
3 5 7 9 29 31 33 42 44 51 1
12 14 16 18 29 31 33 42 44 51 1
20 22 24 26 29 31 33 42 44 51 1
4 5 7 9 35 37 39 42 44 51 1
13 14 16 18 35 37 39 42 44 51 1
21 22 24 26 35 37 39 42 44 51 1
28 29 31 33 35 37 39 42 44 51 1
46 51 1
48 51 1
46 48 51 -1
1 6 7 9 15 16 18 46 48 51 1
2 6 7 9 23 24 26 46 48 51 1
11 15 16 18 23 24 26 46 48 51 1
3 6 7 9 30 31 33 46 48 51 1
12 15 16 18 30 31 33 46 48 51 1
20 23 24 26 30 31 33 46 48 51 1
4 6 7 9 36 37 39 46 48 51 1
13 15 16 18 36 37 39 46 48 51 1
21 23 24 26 36 37 39 46 48 51 1
28 30 31 33 36 37 39 46 48 51 1
5 6 7 9 41 42 44 46 48 51 1
14 15 16 18 41 42 44 46 48 51 1
22 23 24 26 41 42 44 46 48 51 1
29 30 31 33 41 42 44 46 48 51 1
35 36 37 39 41 42 44 46 48 51 1
50 51 1
52 -9
7 52 1
10 52 1
7 10 52 -1
16 52 1
19 52 1
16 19 52 -1
24 52 1
27 52 1
24 27 52 -1
1 2 7 10 11 16 19 24 27 52 1
31 52 1
34 52 1
31 34 52 -1
1 3 7 10 12 16 19 31 34 52 1
2 3 7 10 20 24 27 31 34 52 1
11 12 16 19 20 24 27 31 34 52 1
37 52 1
40 52 1
37 40 52 -1
1 4 7 10 13 16 19 37 40 52 1
2 4 7 10 21 24 27 37 40 52 1
11 13 16 19 21 24 27 37 40 52 1
3 4 7 10 28 31 34 37 40 52 1
12 13 16 19 28 31 34 37 40 52 1
20 21 24 27 28 31 34 37 40 52 1
42 52 1
45 52 1
42 45 52 -1
1 5 7 10 14 16 19 42 45 52 1
2 5 7 10 22 24 27 42 45 52 1
11 14 16 19 22 24 27 42 45 52 1
3 5 7 10 29 31 34 42 45 52 1
12 14 16 19 29 31 34 42 45 52 1
20 22 24 27 29 31 34 42 45 52 1
4 5 7 10 35 37 40 42 45 52 1
13 14 16 19 35 37 40 42 45 52 1
21 22 24 27 35 37 40 42 45 52 1
28 29 31 34 35 37 40 42 45 52 1
46 52 1
49 52 1
46 49 52 -1
1 6 7 10 15 16 19 46 49 52 1
2 6 7 10 23 24 27 46 49 52 1
11 15 16 19 23 24 27 46 49 52 1
3 6 7 10 30 31 34 46 49 52 1
12 15 16 19 30 31 34 46 49 52 1
20 23 24 27 30 31 34 46 49 52 1
4 6 7 10 36 37 40 46 49 52 1
13 15 16 19 36 37 40 46 49 52 1
21 23 24 27 36 37 40 46 49 52 1
28 30 31 34 36 37 40 46 49 52 1
5 6 7 10 41 42 45 46 49 52 1
14 15 16 19 41 42 45 46 49 52 1
22 23 24 27 41 42 45 46 49 52 1
29 30 31 34 41 42 45 46 49 52 1
35 36 37 40 41 42 45 46 49 52 1
50 52 1
51 52 1
53 -9
8 53 1
9 53 1
8 9 53 -1
17 53 1
18 53 1
17 18 53 -1
25 53 1
26 53 1
25 26 53 -1
1 2 8 9 11 17 18 25 26 53 1
32 53 1
33 53 1
32 33 53 -1
1 3 8 9 12 17 18 32 33 53 1
2 3 8 9 20 25 26 32 33 53 1
11 12 17 18 20 25 26 32 33 53 1
38 53 1
39 53 1
38 39 53 -1
1 4 8 9 13 17 18 38 39 53 1
2 4 8 9 21 25 26 38 39 53 1
11 13 17 18 21 25 26 38 39 53 1
3 4 8 9 28 32 33 38 39 53 1
12 13 17 18 28 32 33 38 39 53 1
20 21 25 26 28 32 33 38 39 53 1
43 53 1
44 53 1
43 44 53 -1
1 5 8 9 14 17 18 43 44 53 1
2 5 8 9 22 25 26 43 44 53 1
11 14 17 18 22 25 26 43 44 53 1
3 5 8 9 29 32 33 43 44 53 1
12 14 17 18 29 32 33 43 44 53 1
20 22 25 26 29 32 33 43 44 53 1
4 5 8 9 35 38 39 43 44 53 1
13 14 17 18 35 38 39 43 44 53 1
21 22 25 26 35 38 39 43 44 53 1
28 29 32 33 35 38 39 43 44 53 1
47 53 1
48 53 1
47 48 53 -1
1 6 8 9 15 17 18 47 48 53 1
2 6 8 9 23 25 26 47 48 53 1
11 15 17 18 23 25 26 47 48 53 1
3 6 8 9 30 32 33 47 48 53 1
12 15 17 18 30 32 33 47 48 53 1
20 23 25 26 30 32 33 47 48 53 1
4 6 8 9 36 38 39 47 48 53 1
13 15 17 18 36 38 39 47 48 53 1
21 23 25 26 36 38 39 47 48 53 1
28 30 32 33 36 38 39 47 48 53 1
5 6 8 9 41 43 44 47 48 53 1
14 15 17 18 41 43 44 47 48 53 1
22 23 25 26 41 43 44 47 48 53 1
29 30 32 33 41 43 44 47 48 53 1
35 36 38 39 41 43 44 47 48 53 1
50 53 1
51 53 1
50 51 53 -1
1 7 8 9 16 17 18 50 51 53 1
2 7 8 9 24 25 26 50 51 53 1
11 16 17 18 24 25 26 50 51 53 1
3 7 8 9 31 32 33 50 51 53 1
12 16 17 18 31 32 33 50 51 53 1
20 24 25 26 31 32 33 50 51 53 1
4 7 8 9 37 38 39 50 51 53 1
13 16 17 18 37 38 39 50 51 53 1
21 24 25 26 37 38 39 50 51 53 1
28 31 32 33 37 38 39 50 51 53 1
5 7 8 9 42 43 44 50 51 53 1
14 16 17 18 42 43 44 50 51 53 1
22 24 25 26 42 43 44 50 51 53 1
29 31 32 33 42 43 44 50 51 53 1
35 37 38 39 42 43 44 50 51 53 1
6 7 8 9 46 47 48 50 51 53 1
15 16 17 18 46 47 48 50 51 53 1
23 24 25 26 46 47 48 50 51 53 1
30 31 32 33 46 47 48 50 51 53 1
36 37 38 39 46 47 48 50 51 53 1
41 42 43 44 46 47 48 50 51 53 1
54 -9
8 54 1
10 54 1
8 10 54 -1
17 54 1
19 54 1
17 19 54 -1
25 54 1
27 54 1
25 27 54 -1
1 2 8 10 11 17 19 25 27 54 1
32 54 1
34 54 1
32 34 54 -1
1 3 8 10 12 17 19 32 34 54 1
2 3 8 10 20 25 27 32 34 54 1
11 12 17 19 20 25 27 32 34 54 1
38 54 1
40 54 1
38 40 54 -1
1 4 8 10 13 17 19 38 40 54 1
2 4 8 10 21 25 27 38 40 54 1
11 13 17 19 21 25 27 38 40 54 1
3 4 8 10 28 32 34 38 40 54 1
12 13 17 19 28 32 34 38 40 54 1
20 21 25 27 28 32 34 38 40 54 1
43 54 1
45 54 1
43 45 54 -1
1 5 8 10 14 17 19 43 45 54 1
2 5 8 10 22 25 27 43 45 54 1
11 14 17 19 22 25 27 43 45 54 1
3 5 8 10 29 32 34 43 45 54 1
12 14 17 19 29 32 34 43 45 54 1
20 22 25 27 29 32 34 43 45 54 1
4 5 8 10 35 38 40 43 45 54 1
13 14 17 19 35 38 40 43 45 54 1
21 22 25 27 35 38 40 43 45 54 1
28 29 32 34 35 38 40 43 45 54 1
47 54 1
49 54 1
47 49 54 -1
1 6 8 10 15 17 19 47 49 54 1
2 6 8 10 23 25 27 47 49 54 1
11 15 17 19 23 25 27 47 49 54 1
3 6 8 10 30 32 34 47 49 54 1
12 15 17 19 30 32 34 47 49 54 1
20 23 25 27 30 32 34 47 49 54 1
4 6 8 10 36 38 40 47 49 54 1
13 15 17 19 36 38 40 47 49 54 1
21 23 25 27 36 38 40 47 49 54 1
28 30 32 34 36 38 40 47 49 54 1
5 6 8 10 41 43 45 47 49 54 1
14 15 17 19 41 43 45 47 49 54 1
22 23 25 27 41 43 45 47 49 54 1
29 30 32 34 41 43 45 47 49 54 1
35 36 38 40 41 43 45 47 49 54 1
50 54 1
52 54 1
50 52 54 -1
1 7 8 10 16 17 19 50 52 54 1
2 7 8 10 24 25 27 50 52 54 1
11 16 17 19 24 25 27 50 52 54 1
3 7 8 10 31 32 34 50 52 54 1
12 16 17 19 31 32 34 50 52 54 1
20 24 25 27 31 32 34 50 52 54 1
4 7 8 10 37 38 40 50 52 54 1
13 16 17 19 37 38 40 50 52 54 1
21 24 25 27 37 38 40 50 52 54 1
28 31 32 34 37 38 40 50 52 54 1
5 7 8 10 42 43 45 50 52 54 1
14 16 17 19 42 43 45 50 52 54 1
22 24 25 27 42 43 45 50 52 54 1
29 31 32 34 42 43 45 50 52 54 1
35 37 38 40 42 43 45 50 52 54 1
6 7 8 10 46 47 49 50 52 54 1
15 16 17 19 46 47 49 50 52 54 1
23 24 25 27 46 47 49 50 52 54 1
30 31 32 34 46 47 49 50 52 54 1
36 37 38 40 46 47 49 50 52 54 1
41 42 43 45 46 47 49 50 52 54 1
53 54 1
55 -9
9 55 1
10 55 1
9 10 55 -1
18 55 1
19 55 1
18 19 55 -1
26 55 1
27 55 1
26 27 55 -1
1 2 9 10 11 18 19 26 27 55 1
33 55 1
34 55 1
33 34 55 -1
1 3 9 10 12 18 19 33 34 55 1
2 3 9 10 20 26 27 33 34 55 1
11 12 18 19 20 26 27 33 34 55 1
39 55 1
40 55 1
39 40 55 -1
1 4 9 10 13 18 19 39 40 55 1
2 4 9 10 21 26 27 39 40 55 1
11 13 18 19 21 26 27 39 40 55 1
3 4 9 10 28 33 34 39 40 55 1
12 13 18 19 28 33 34 39 40 55 1
20 21 26 27 28 33 34 39 40 55 1
44 55 1
45 55 1
44 45 55 -1
1 5 9 10 14 18 19 44 45 55 1
2 5 9 10 22 26 27 44 45 55 1
11 14 18 19 22 26 27 44 45 55 1
3 5 9 10 29 33 34 44 45 55 1
12 14 18 19 29 33 34 44 45 55 1
20 22 26 27 29 33 34 44 45 55 1
4 5 9 10 35 39 40 44 45 55 1
13 14 18 19 35 39 40 44 45 55 1
21 22 26 27 35 39 40 44 45 55 1
28 29 33 34 35 39 40 44 45 55 1
48 55 1
49 55 1
48 49 55 -1
1 6 9 10 15 18 19 48 49 55 1
2 6 9 10 23 26 27 48 49 55 1
11 15 18 19 23 26 27 48 49 55 1
3 6 9 10 30 33 34 48 49 55 1
12 15 18 19 30 33 34 48 49 55 1
20 23 26 27 30 33 34 48 49 55 1
4 6 9 10 36 39 40 48 49 55 1
13 15 18 19 36 39 40 48 49 55 1
21 23 26 27 36 39 40 48 49 55 1
28 30 33 34 36 39 40 48 49 55 1
5 6 9 10 41 44 45 48 49 55 1
14 15 18 19 41 44 45 48 49 55 1
22 23 26 27 41 44 45 48 49 55 1
29 30 33 34 41 44 45 48 49 55 1
35 36 39 40 41 44 45 48 49 55 1
51 55 1
52 55 1
51 52 55 -1
1 7 9 10 16 18 19 51 52 55 1
2 7 9 10 24 26 27 51 52 55 1
11 16 18 19 24 26 27 51 52 55 1
3 7 9 10 31 33 34 51 52 55 1
12 16 18 19 31 33 34 51 52 55 1
20 24 26 27 31 33 34 51 52 55 1
4 7 9 10 37 39 40 51 52 55 1
13 16 18 19 37 39 40 51 52 55 1
21 24 26 27 37 39 40 51 52 55 1
28 31 33 34 37 39 40 51 52 55 1
5 7 9 10 42 44 45 51 52 55 1
14 16 18 19 42 44 45 51 52 55 1
22 24 26 27 42 44 45 51 52 55 1
29 31 33 34 42 44 45 51 52 55 1
35 37 39 40 42 44 45 51 52 55 1
6 7 9 10 46 48 49 51 52 55 1
15 16 18 19 46 48 49 51 52 55 1
23 24 26 27 46 48 49 51 52 55 1
30 31 33 34 46 48 49 51 52 55 1
36 37 39 40 46 48 49 51 52 55 1
41 42 44 45 46 48 49 51 52 55 1
53 55 1
54 55 1
53 54 55 -1
1 8 9 10 17 18 19 53 54 55 1
2 8 9 10 25 26 27 53 54 55 1
11 17 18 19 25 26 27 53 54 55 1
3 8 9 10 32 33 34 53 54 55 1
12 17 18 19 32 33 34 53 54 55 1
20 25 26 27 32 33 34 53 54 55 1
4 8 9 10 38 39 40 53 54 55 1
13 17 18 19 38 39 40 53 54 55 1
21 25 26 27 38 39 40 53 54 55 1
28 32 33 34 38 39 40 53 54 55 1
5 8 9 10 43 44 45 53 54 55 1
14 17 18 19 43 44 45 53 54 55 1
22 25 26 27 43 44 45 53 54 55 1
29 32 33 34 43 44 45 53 54 55 1
35 38 39 40 43 44 45 53 54 55 1
6 8 9 10 47 48 49 53 54 55 1
15 17 18 19 47 48 49 53 54 55 1
23 25 26 27 47 48 49 53 54 55 1
30 32 33 34 47 48 49 53 54 55 1
36 38 39 40 47 48 49 53 54 55 1
41 43 44 45 47 48 49 53 54 55 1
7 8 9 10 50 51 52 53 54 55 1
16 17 18 19 50 51 52 53 54 55 1
24 25 26 27 50 51 52 53 54 55 1
31 32 33 34 50 51 52 53 54 55 1
37 38 39 40 50 51 52 53 54 55 1
42 43 44 45 50 51 52 53 54 55 1
46 47 48 49 50 51 52 53 54 55 1
