220
1 -10
2 -10
1 2 1
3 -10
1 3 1
2 3 1
4 -10
1 4 1
2 4 1
3 4 1
5 -10
1 5 1
2 5 1
3 5 1
4 5 1
6 -10
1 6 1
2 6 1
3 6 1
4 6 1
5 6 1
7 -10
1 7 1
2 7 1
3 7 1
4 7 1
5 7 1
6 7 1
8 -10
1 8 1
2 8 1
3 8 1
4 8 1
5 8 1
6 8 1
7 8 1
9 -10
1 9 1
2 9 1
3 9 1
4 9 1
5 9 1
6 9 1
7 9 1
8 9 1
10 -10
1 10 1
2 10 1
3 10 1
4 10 1
5 10 1
6 10 1
7 10 1
8 10 1
9 10 1
11 -10
1 11 1
2 11 1
3 11 1
4 11 1
5 11 1
6 11 1
7 11 1
8 11 1
9 11 1
10 11 1
12 -10
1 12 1
2 12 1
1 2 12 -1
13 -10
1 13 1
3 13 1
1 3 13 -1
12 13 1
14 -10
1 14 1
4 14 1
1 4 14 -1
12 14 1
13 14 1
15 -10
1 15 1
5 15 1
1 5 15 -1
12 15 1
13 15 1
14 15 1
16 -10
1 16 1
6 16 1
1 6 16 -1
12 16 1
13 16 1
14 16 1
15 16 1
17 -10
1 17 1
7 17 1
1 7 17 -1
12 17 1
13 17 1
14 17 1
15 17 1
16 17 1
18 -10
1 18 1
8 18 1
1 8 18 -1
12 18 1
13 18 1
14 18 1
15 18 1
16 18 1
17 18 1
19 -10
1 19 1
9 19 1
1 9 19 -1
12 19 1
13 19 1
14 19 1
15 19 1
16 19 1
17 19 1
18 19 1
20 -10
1 20 1
10 20 1
1 10 20 -1
12 20 1
13 20 1
14 20 1
15 20 1
16 20 1
17 20 1
18 20 1
19 20 1
21 -10
1 21 1
11 21 1
1 11 21 -1
12 21 1
13 21 1
14 21 1
15 21 1
16 21 1
17 21 1
18 21 1
19 21 1
20 21 1
22 -10
2 22 1
3 22 1
2 3 22 -1
12 22 1
13 22 1
12 13 22 -1
23 -10
2 23 1
4 23 1
2 4 23 -1
12 23 1
14 23 1
12 14 23 -1
22 23 1
24 -10
2 24 1
5 24 1
2 5 24 -1
12 24 1
15 24 1
12 15 24 -1
22 24 1
23 24 1
25 -10
2 25 1
6 25 1
2 6 25 -1
12 25 1
16 25 1
12 16 25 -1
22 25 1
23 25 1
24 25 1
26 -10
2 26 1
7 26 1
2 7 26 -1
12 26 1
17 26 1
12 17 26 -1
22 26 1
23 26 1
24 26 1
25 26 1
27 -10
2 27 1
8 27 1
2 8 27 -1
12 27 1
18 27 1
12 18 27 -1
22 27 1
23 27 1
24 27 1
25 27 1
26 27 1
28 -10
2 28 1
9 28 1
2 9 28 -1
12 28 1
19 28 1
12 19 28 -1
22 28 1
23 28 1
24 28 1
25 28 1
26 28 1
27 28 1
29 -10
2 29 1
10 29 1
2 10 29 -1
12 29 1
20 29 1
12 20 29 -1
22 29 1
23 29 1
24 29 1
25 29 1
26 29 1
27 29 1
28 29 1
30 -10
2 30 1
11 30 1
2 11 30 -1
12 30 1
21 30 1
12 21 30 -1
22 30 1
23 30 1
24 30 1
25 30 1
26 30 1
27 30 1
28 30 1
29 30 1
31 -10
3 31 1
4 31 1
3 4 31 -1
13 31 1
14 31 1
13 14 31 -1
22 31 1
23 31 1
22 23 31 -1
1 2 3 4 12 13 14 22 23 31 1
32 -10
3 32 1
5 32 1
3 5 32 -1
13 32 1
15 32 1
13 15 32 -1
22 32 1
24 32 1
22 24 32 -1
1 2 3 5 12 13 15 22 24 32 1
31 32 1
33 -10
3 33 1
6 33 1
3 6 33 -1
13 33 1
16 33 1
13 16 33 -1
22 33 1
25 33 1
22 25 33 -1
1 2 3 6 12 13 16 22 25 33 1
31 33 1
32 33 1
34 -10
3 34 1
7 34 1
3 7 34 -1
13 34 1
17 34 1
13 17 34 -1
22 34 1
26 34 1
22 26 34 -1
1 2 3 7 12 13 17 22 26 34 1
31 34 1
32 34 1
33 34 1
35 -10
3 35 1
8 35 1
3 8 35 -1
13 35 1
18 35 1
13 18 35 -1
22 35 1
27 35 1
22 27 35 -1
1 2 3 8 12 13 18 22 27 35 1
31 35 1
32 35 1
33 35 1
34 35 1
36 -10
3 36 1
9 36 1
3 9 36 -1
13 36 1
19 36 1
13 19 36 -1
22 36 1
28 36 1
22 28 36 -1
1 2 3 9 12 13 19 22 28 36 1
31 36 1
32 36 1
33 36 1
34 36 1
35 36 1
37 -10
3 37 1
10 37 1
3 10 37 -1
13 37 1
20 37 1
13 20 37 -1
22 37 1
29 37 1
22 29 37 -1
1 2 3 10 12 13 20 22 29 37 1
31 37 1
32 37 1
33 37 1
34 37 1
35 37 1
36 37 1
38 -10
3 38 1
11 38 1
3 11 38 -1
13 38 1
21 38 1
13 21 38 -1
22 38 1
30 38 1
22 30 38 -1
1 2 3 11 12 13 21 22 30 38 1
31 38 1
32 38 1
33 38 1
34 38 1
35 38 1
36 38 1
37 38 1
39 -10
4 39 1
5 39 1
4 5 39 -1
14 39 1
15 39 1
14 15 39 -1
23 39 1
24 39 1
23 24 39 -1
1 2 4 5 12 14 15 23 24 39 1
31 39 1
32 39 1
31 32 39 -1
1 3 4 5 13 14 15 31 32 39 1
2 3 4 5 22 23 24 31 32 39 1
12 13 14 15 22 23 24 31 32 39 1
40 -10
4 40 1
6 40 1
4 6 40 -1
14 40 1
16 40 1
14 16 40 -1
23 40 1
25 40 1
23 25 40 -1
1 2 4 6 12 14 16 23 25 40 1
31 40 1
33 40 1
31 33 40 -1
1 3 4 6 13 14 16 31 33 40 1
2 3 4 6 22 23 25 31 33 40 1
12 13 14 16 22 23 25 31 33 40 1
39 40 1
41 -10
4 41 1
7 41 1
4 7 41 -1
14 41 1
17 41 1
14 17 41 -1
23 41 1
26 41 1
23 26 41 -1
1 2 4 7 12 14 17 23 26 41 1
31 41 1
34 41 1
31 34 41 -1
1 3 4 7 13 14 17 31 34 41 1
2 3 4 7 22 23 26 31 34 41 1
12 13 14 17 22 23 26 31 34 41 1
39 41 1
40 41 1
42 -10
4 42 1
8 42 1
4 8 42 -1
14 42 1
18 42 1
14 18 42 -1
23 42 1
27 42 1
23 27 42 -1
1 2 4 8 12 14 18 23 27 42 1
31 42 1
35 42 1
31 35 42 -1
1 3 4 8 13 14 18 31 35 42 1
2 3 4 8 22 23 27 31 35 42 1
12 13 14 18 22 23 27 31 35 42 1
39 42 1
40 42 1
41 42 1
43 -10
4 43 1
9 43 1
4 9 43 -1
14 43 1
19 43 1
14 19 43 -1
23 43 1
28 43 1
23 28 43 -1
1 2 4 9 12 14 19 23 28 43 1
31 43 1
36 43 1
31 36 43 -1
1 3 4 9 13 14 19 31 36 43 1
2 3 4 9 22 23 28 31 36 43 1
12 13 14 19 22 23 28 31 36 43 1
39 43 1
40 43 1
41 43 1
42 43 1
44 -10
4 44 1
10 44 1
4 10 44 -1
14 44 1
20 44 1
14 20 44 -1
23 44 1
29 44 1
23 29 44 -1
1 2 4 10 12 14 20 23 29 44 1
31 44 1
37 44 1
31 37 44 -1
1 3 4 10 13 14 20 31 37 44 1
2 3 4 10 22 23 29 31 37 44 1
12 13 14 20 22 23 29 31 37 44 1
39 44 1
40 44 1
41 44 1
42 44 1
43 44 1
45 -10
4 45 1
11 45 1
4 11 45 -1
14 45 1
21 45 1
14 21 45 -1
23 45 1
30 45 1
23 30 45 -1
1 2 4 11 12 14 21 23 30 45 1
31 45 1
38 45 1
31 38 45 -1
1 3 4 11 13 14 21 31 38 45 1
2 3 4 11 22 23 30 31 38 45 1
12 13 14 21 22 23 30 31 38 45 1
39 45 1
40 45 1
41 45 1
42 45 1
43 45 1
44 45 1
46 -10
5 46 1
6 46 1
5 6 46 -1
15 46 1
16 46 1
15 16 46 -1
24 46 1
25 46 1
24 25 46 -1
1 2 5 6 12 15 16 24 25 46 1
32 46 1
33 46 1
32 33 46 -1
1 3 5 6 13 15 16 32 33 46 1
2 3 5 6 22 24 25 32 33 46 1
12 13 15 16 22 24 25 32 33 46 1
39 46 1
40 46 1
39 40 46 -1
1 4 5 6 14 15 16 39 40 46 1
2 4 5 6 23 24 25 39 40 46 1
12 14 15 16 23 24 25 39 40 46 1
3 4 5 6 31 32 33 39 40 46 1
13 14 15 16 31 32 33 39 40 46 1
22 23 24 25 31 32 33 39 40 46 1
47 -10
5 47 1
7 47 1
5 7 47 -1
15 47 1
17 47 1
15 17 47 -1
24 47 1
26 47 1
24 26 47 -1
1 2 5 7 12 15 17 24 26 47 1
32 47 1
34 47 1
32 34 47 -1
1 3 5 7 13 15 17 32 34 47 1
2 3 5 7 22 24 26 32 34 47 1
12 13 15 17 22 24 26 32 34 47 1
39 47 1
41 47 1
39 41 47 -1
1 4 5 7 14 15 17 39 41 47 1
2 4 5 7 23 24 26 39 41 47 1
12 14 15 17 23 24 26 39 41 47 1
3 4 5 7 31 32 34 39 41 47 1
13 14 15 17 31 32 34 39 41 47 1
22 23 24 26 31 32 34 39 41 47 1
46 47 1
48 -10
5 48 1
8 48 1
5 8 48 -1
15 48 1
18 48 1
15 18 48 -1
24 48 1
27 48 1
24 27 48 -1
1 2 5 8 12 15 18 24 27 48 1
32 48 1
35 48 1
32 35 48 -1
1 3 5 8 13 15 18 32 35 48 1
2 3 5 8 22 24 27 32 35 48 1
12 13 15 18 22 24 27 32 35 48 1
39 48 1
42 48 1
39 42 48 -1
1 4 5 8 14 15 18 39 42 48 1
2 4 5 8 23 24 27 39 42 48 1
12 14 15 18 23 24 27 39 42 48 1
3 4 5 8 31 32 35 39 42 48 1
13 14 15 18 31 32 35 39 42 48 1
22 23 24 27 31 32 35 39 42 48 1
46 48 1
47 48 1
49 -10
5 49 1
9 49 1
5 9 49 -1
15 49 1
19 49 1
15 19 49 -1
24 49 1
28 49 1
24 28 49 -1
1 2 5 9 12 15 19 24 28 49 1
32 49 1
36 49 1
32 36 49 -1
1 3 5 9 13 15 19 32 36 49 1
2 3 5 9 22 24 28 32 36 49 1
12 13 15 19 22 24 28 32 36 49 1
39 49 1
43 49 1
39 43 49 -1
1 4 5 9 14 15 19 39 43 49 1
2 4 5 9 23 24 28 39 43 49 1
12 14 15 19 23 24 28 39 43 49 1
3 4 5 9 31 32 36 39 43 49 1
13 14 15 19 31 32 36 39 43 49 1
22 23 24 28 31 32 36 39 43 49 1
46 49 1
47 49 1
48 49 1
50 -10
5 50 1
10 50 1
5 10 50 -1
15 50 1
20 50 1
15 20 50 -1
24 50 1
29 50 1
24 29 50 -1
1 2 5 10 12 15 20 24 29 50 1
32 50 1
37 50 1
32 37 50 -1
1 3 5 10 13 15 20 32 37 50 1
2 3 5 10 22 24 29 32 37 50 1
12 13 15 20 22 24 29 32 37 50 1
39 50 1
44 50 1
39 44 50 -1
1 4 5 10 14 15 20 39 44 50 1
2 4 5 10 23 24 29 39 44 50 1
12 14 15 20 23 24 29 39 44 50 1
3 4 5 10 31 32 37 39 44 50 1
13 14 15 20 31 32 37 39 44 50 1
22 23 24 29 31 32 37 39 44 50 1
46 50 1
47 50 1
48 50 1
49 50 1
51 -10
5 51 1
11 51 1
5 11 51 -1
15 51 1
21 51 1
15 21 51 -1
24 51 1
30 51 1
24 30 51 -1
1 2 5 11 12 15 21 24 30 51 1
32 51 1
38 51 1
32 38 51 -1
1 3 5 11 13 15 21 32 38 51 1
2 3 5 11 22 24 30 32 38 51 1
12 13 15 21 22 24 30 32 38 51 1
39 51 1
45 51 1
39 45 51 -1
1 4 5 11 14 15 21 39 45 51 1
2 4 5 11 23 24 30 39 45 51 1
12 14 15 21 23 24 30 39 45 51 1
3 4 5 11 31 32 38 39 45 51 1
13 14 15 21 31 32 38 39 45 51 1
22 23 24 30 31 32 38 39 45 51 1
46 51 1
47 51 1
48 51 1
49 51 1
50 51 1
52 -10
6 52 1
7 52 1
6 7 52 -1
16 52 1
17 52 1
16 17 52 -1
25 52 1
26 52 1
25 26 52 -1
1 2 6 7 12 16 17 25 26 52 1
33 52 1
34 52 1
33 34 52 -1
1 3 6 7 13 16 17 33 34 52 1
2 3 6 7 22 25 26 33 34 52 1
12 13 16 17 22 25 26 33 34 52 1
40 52 1
41 52 1
40 41 52 -1
1 4 6 7 14 16 17 40 41 52 1
2 4 6 7 23 25 26 40 41 52 1
12 14 16 17 23 25 26 40 41 52 1
3 4 6 7 31 33 34 40 41 52 1
13 14 16 17 31 33 34 40 41 52 1
22 23 25 26 31 33 34 40 41 52 1
46 52 1
47 52 1
46 47 52 -1
1 5 6 7 15 16 17 46 47 52 1
2 5 6 7 24 25 26 46 47 52 1
12 15 16 17 24 25 26 46 47 52 1
3 5 6 7 32 33 34 46 47 52 1
13 15 16 17 32 33 34 46 47 52 1
22 24 25 26 32 33 34 46 47 52 1
4 5 6 7 39 40 41 46 47 52 1
14 15 16 17 39 40 41 46 47 52 1
23 24 25 26 39 40 41 46 47 52 1
31 32 33 34 39 40 41 46 47 52 1
53 -10
6 53 1
8 53 1
6 8 53 -1
16 53 1
18 53 1
16 18 53 -1
25 53 1
27 53 1
25 27 53 -1
1 2 6 8 12 16 18 25 27 53 1
33 53 1
35 53 1
33 35 53 -1
1 3 6 8 13 16 18 33 35 53 1
2 3 6 8 22 25 27 33 35 53 1
12 13 16 18 22 25 27 33 35 53 1
40 53 1
42 53 1
40 42 53 -1
1 4 6 8 14 16 18 40 42 53 1
2 4 6 8 23 25 27 40 42 53 1
12 14 16 18 23 25 27 40 42 53 1
3 4 6 8 31 33 35 40 42 53 1
13 14 16 18 31 33 35 40 42 53 1
22 23 25 27 31 33 35 40 42 53 1
46 53 1
48 53 1
46 48 53 -1
1 5 6 8 15 16 18 46 48 53 1
2 5 6 8 24 25 27 46 48 53 1
12 15 16 18 24 25 27 46 48 53 1
3 5 6 8 32 33 35 46 48 53 1
13 15 16 18 32 33 35 46 48 53 1
22 24 25 27 32 33 35 46 48 53 1
4 5 6 8 39 40 42 46 48 53 1
14 15 16 18 39 40 42 46 48 53 1
23 24 25 27 39 40 42 46 48 53 1
31 32 33 35 39 40 42 46 48 53 1
52 53 1
54 -10
6 54 1
9 54 1
6 9 54 -1
16 54 1
19 54 1
16 19 54 -1
25 54 1
28 54 1
25 28 54 -1
1 2 6 9 12 16 19 25 28 54 1
33 54 1
36 54 1
33 36 54 -1
1 3 6 9 13 16 19 33 36 54 1
2 3 6 9 22 25 28 33 36 54 1
12 13 16 19 22 25 28 33 36 54 1
40 54 1
43 54 1
40 43 54 -1
1 4 6 9 14 16 19 40 43 54 1
2 4 6 9 23 25 28 40 43 54 1
12 14 16 19 23 25 28 40 43 54 1
3 4 6 9 31 33 36 40 43 54 1
13 14 16 19 31 33 36 40 43 54 1
22 23 25 28 31 33 36 40 43 54 1
46 54 1
49 54 1
46 49 54 -1
1 5 6 9 15 16 19 46 49 54 1
2 5 6 9 24 25 28 46 49 54 1
12 15 16 19 24 25 28 46 49 54 1
3 5 6 9 32 33 36 46 49 54 1
13 15 16 19 32 33 36 46 49 54 1
22 24 25 28 32 33 36 46 49 54 1
4 5 6 9 39 40 43 46 49 54 1
14 15 16 19 39 40 43 46 49 54 1
23 24 25 28 39 40 43 46 49 54 1
31 32 33 36 39 40 43 46 49 54 1
52 54 1
53 54 1
55 -10
6 55 1
10 55 1
6 10 55 -1
16 55 1
20 55 1
16 20 55 -1
25 55 1
29 55 1
25 29 55 -1
1 2 6 10 12 16 20 25 29 55 1
33 55 1
37 55 1
33 37 55 -1
1 3 6 10 13 16 20 33 37 55 1
2 3 6 10 22 25 29 33 37 55 1
12 13 16 20 22 25 29 33 37 55 1
40 55 1
44 55 1
40 44 55 -1
1 4 6 10 14 16 20 40 44 55 1
2 4 6 10 23 25 29 40 44 55 1
12 14 16 20 23 25 29 40 44 55 1
3 4 6 10 31 33 37 40 44 55 1
13 14 16 20 31 33 37 40 44 55 1
22 23 25 29 31 33 37 40 44 55 1
46 55 1
50 55 1
46 50 55 -1
1 5 6 10 15 16 20 46 50 55 1
2 5 6 10 24 25 29 46 50 55 1
12 15 16 20 24 25 29 46 50 55 1
3 5 6 10 32 33 37 46 50 55 1
13 15 16 20 32 33 37 46 50 55 1
22 24 25 29 32 33 37 46 50 55 1
4 5 6 10 39 40 44 46 50 55 1
14 15 16 20 39 40 44 46 50 55 1
23 24 25 29 39 40 44 46 50 55 1
31 32 33 37 39 40 44 46 50 55 1
52 55 1
53 55 1
54 55 1
56 -10
6 56 1
11 56 1
6 11 56 -1
16 56 1
21 56 1
16 21 56 -1
25 56 1
30 56 1
25 30 56 -1
1 2 6 11 12 16 21 25 30 56 1
33 56 1
38 56 1
33 38 56 -1
1 3 6 11 13 16 21 33 38 56 1
2 3 6 11 22 25 30 33 38 56 1
12 13 16 21 22 25 30 33 38 56 1
40 56 1
45 56 1
40 45 56 -1
1 4 6 11 14 16 21 40 45 56 1
2 4 6 11 23 25 30 40 45 56 1
12 14 16 21 23 25 30 40 45 56 1
3 4 6 11 31 33 38 40 45 56 1
13 14 16 21 31 33 38 40 45 56 1
22 23 25 30 31 33 38 40 45 56 1
46 56 1
51 56 1
46 51 56 -1
1 5 6 11 15 16 21 46 51 56 1
2 5 6 11 24 25 30 46 51 56 1
12 15 16 21 24 25 30 46 51 56 1
3 5 6 11 32 33 38 46 51 56 1
13 15 16 21 32 33 38 46 51 56 1
22 24 25 30 32 33 38 46 51 56 1
4 5 6 11 39 40 45 46 51 56 1
14 15 16 21 39 40 45 46 51 56 1
23 24 25 30 39 40 45 46 51 56 1
31 32 33 38 39 40 45 46 51 56 1
52 56 1
53 56 1
54 56 1
55 56 1
57 -10
7 57 1
8 57 1
7 8 57 -1
17 57 1
18 57 1
17 18 57 -1
26 57 1
27 57 1
26 27 57 -1
1 2 7 8 12 17 18 26 27 57 1
34 57 1
35 57 1
34 35 57 -1
1 3 7 8 13 17 18 34 35 57 1
2 3 7 8 22 26 27 34 35 57 1
12 13 17 18 22 26 27 34 35 57 1
41 57 1
42 57 1
41 42 57 -1
1 4 7 8 14 17 18 41 42 57 1
2 4 7 8 23 26 27 41 42 57 1
12 14 17 18 23 26 27 41 42 57 1
3 4 7 8 31 34 35 41 42 57 1
13 14 17 18 31 34 35 41 42 57 1
22 23 26 27 31 34 35 41 42 57 1
47 57 1
48 57 1
47 48 57 -1
1 5 7 8 15 17 18 47 48 57 1
2 5 7 8 24 26 27 47 48 57 1
12 15 17 18 24 26 27 47 48 57 1
3 5 7 8 32 34 35 47 48 57 1
13 15 17 18 32 34 35 47 48 57 1
22 24 26 27 32 34 35 47 48 57 1
4 5 7 8 39 41 42 47 48 57 1
14 15 17 18 39 41 42 47 48 57 1
23 24 26 27 39 41 42 47 48 57 1
31 32 34 35 39 41 42 47 48 57 1
52 57 1
53 57 1
52 53 57 -1
1 6 7 8 16 17 18 52 53 57 1
2 6 7 8 25 26 27 52 53 57 1
12 16 17 18 25 26 27 52 53 57 1
3 6 7 8 33 34 35 52 53 57 1
13 16 17 18 33 34 35 52 53 57 1
22 25 26 27 33 34 35 52 53 57 1
4 6 7 8 40 41 42 52 53 57 1
14 16 17 18 40 41 42 52 53 57 1
23 25 26 27 40 41 42 52 53 57 1
31 33 34 35 40 41 42 52 53 57 1
5 6 7 8 46 47 48 52 53 57 1
15 16 17 18 46 47 48 52 53 57 1
24 25 26 27 46 47 48 52 53 57 1
32 33 34 35 46 47 48 52 53 57 1
39 40 41 42 46 47 48 52 53 57 1
58 -10
7 58 1
9 58 1
7 9 58 -1
17 58 1
19 58 1
17 19 58 -1
26 58 1
28 58 1
26 28 58 -1
1 2 7 9 12 17 19 26 28 58 1
34 58 1
36 58 1
34 36 58 -1
1 3 7 9 13 17 19 34 36 58 1
2 3 7 9 22 26 28 34 36 58 1
12 13 17 19 22 26 28 34 36 58 1
41 58 1
43 58 1
41 43 58 -1
1 4 7 9 14 17 19 41 43 58 1
2 4 7 9 23 26 28 41 43 58 1
12 14 17 19 23 26 28 41 43 58 1
3 4 7 9 31 34 36 41 43 58 1
13 14 17 19 31 34 36 41 43 58 1
22 23 26 28 31 34 36 41 43 58 1
47 58 1
49 58 1
47 49 58 -1
1 5 7 9 15 17 19 47 49 58 1
2 5 7 9 24 26 28 47 49 58 1
12 15 17 19 24 26 28 47 49 58 1
3 5 7 9 32 34 36 47 49 58 1
13 15 17 19 32 34 36 47 49 58 1
22 24 26 28 32 34 36 47 49 58 1
4 5 7 9 39 41 43 47 49 58 1
14 15 17 19 39 41 43 47 49 58 1
23 24 26 28 39 41 43 47 49 58 1
31 32 34 36 39 41 43 47 49 58 1
52 58 1
54 58 1
52 54 58 -1
1 6 7 9 16 17 19 52 54 58 1
2 6 7 9 25 26 28 52 54 58 1
12 16 17 19 25 26 28 52 54 58 1
3 6 7 9 33 34 36 52 54 58 1
13 16 17 19 33 34 36 52 54 58 1
22 25 26 28 33 34 36 52 54 58 1
4 6 7 9 40 41 43 52 54 58 1
14 16 17 19 40 41 43 52 54 58 1
23 25 26 28 40 41 43 52 54 58 1
31 33 34 36 40 41 43 52 54 58 1
5 6 7 9 46 47 49 52 54 58 1
15 16 17 19 46 47 49 52 54 58 1
24 25 26 28 46 47 49 52 54 58 1
32 33 34 36 46 47 49 52 54 58 1
39 40 41 43 46 47 49 52 54 58 1
57 58 1
59 -10
7 59 1
10 59 1
7 10 59 -1
17 59 1
20 59 1
17 20 59 -1
26 59 1
29 59 1
26 29 59 -1
1 2 7 10 12 17 20 26 29 59 1
34 59 1
37 59 1
34 37 59 -1
1 3 7 10 13 17 20 34 37 59 1
2 3 7 10 22 26 29 34 37 59 1
12 13 17 20 22 26 29 34 37 59 1
41 59 1
44 59 1
41 44 59 -1
1 4 7 10 14 17 20 41 44 59 1
2 4 7 10 23 26 29 41 44 59 1
12 14 17 20 23 26 29 41 44 59 1
3 4 7 10 31 34 37 41 44 59 1
13 14 17 20 31 34 37 41 44 59 1
22 23 26 29 31 34 37 41 44 59 1
47 59 1
50 59 1
47 50 59 -1
1 5 7 10 15 17 20 47 50 59 1
2 5 7 10 24 26 29 47 50 59 1
12 15 17 20 24 26 29 47 50 59 1
3 5 7 10 32 34 37 47 50 59 1
13 15 17 20 32 34 37 47 50 59 1
22 24 26 29 32 34 37 47 50 59 1
4 5 7 10 39 41 44 47 50 59 1
14 15 17 20 39 41 44 47 50 59 1
23 24 26 29 39 41 44 47 50 59 1
31 32 34 37 39 41 44 47 50 59 1
52 59 1
55 59 1
52 55 59 -1
1 6 7 10 16 17 20 52 55 59 1
2 6 7 10 25 26 29 52 55 59 1
12 16 17 20 25 26 29 52 55 59 1
3 6 7 10 33 34 37 52 55 59 1
13 16 17 20 33 34 37 52 55 59 1
22 25 26 29 33 34 37 52 55 59 1
4 6 7 10 40 41 44 52 55 59 1
14 16 17 20 40 41 44 52 55 59 1
23 25 26 29 40 41 44 52 55 59 1
31 33 34 37 40 41 44 52 55 59 1
5 6 7 10 46 47 50 52 55 59 1
15 16 17 20 46 47 50 52 55 59 1
24 25 26 29 46 47 50 52 55 59 1
32 33 34 37 46 47 50 52 55 59 1
39 40 41 44 46 47 50 52 55 59 1
57 59 1
58 59 1
60 -10
7 60 1
11 60 1
7 11 60 -1
17 60 1
21 60 1
17 21 60 -1
26 60 1
30 60 1
26 30 60 -1
1 2 7 11 12 17 21 26 30 60 1
34 60 1
38 60 1
34 38 60 -1
1 3 7 11 13 17 21 34 38 60 1
2 3 7 11 22 26 30 34 38 60 1
12 13 17 21 22 26 30 34 38 60 1
41 60 1
45 60 1
41 45 60 -1
1 4 7 11 14 17 21 41 45 60 1
2 4 7 11 23 26 30 41 45 60 1
12 14 17 21 23 26 30 41 45 60 1
3 4 7 11 31 34 38 41 45 60 1
13 14 17 21 31 34 38 41 45 60 1
22 23 26 30 31 34 38 41 45 60 1
47 60 1
51 60 1
47 51 60 -1
1 5 7 11 15 17 21 47 51 60 1
2 5 7 11 24 26 30 47 51 60 1
12 15 17 21 24 26 30 47 51 60 1
3 5 7 11 32 34 38 47 51 60 1
13 15 17 21 32 34 38 47 51 60 1
22 24 26 30 32 34 38 47 51 60 1
4 5 7 11 39 41 45 47 51 60 1
14 15 17 21 39 41 45 47 51 60 1
23 24 26 30 39 41 45 47 51 60 1
31 32 34 38 39 41 45 47 51 60 1
52 60 1
56 60 1
52 56 60 -1
1 6 7 11 16 17 21 52 56 60 1
2 6 7 11 25 26 30 52 56 60 1
12 16 17 21 25 26 30 52 56 60 1
3 6 7 11 33 34 38 52 56 60 1
13 16 17 21 33 34 38 52 56 60 1
22 25 26 30 33 34 38 52 56 60 1
4 6 7 11 40 41 45 52 56 60 1
14 16 17 21 40 41 45 52 56 60 1
23 25 26 30 40 41 45 52 56 60 1
31 33 34 38 40 41 45 52 56 60 1
5 6 7 11 46 47 51 52 56 60 1
15 16 17 21 46 47 51 52 56 60 1
24 25 26 30 46 47 51 52 56 60 1
32 33 34 38 46 47 51 52 56 60 1
39 40 41 45 46 47 51 52 56 60 1
57 60 1
58 60 1
59 60 1
61 -10
8 61 1
9 61 1
8 9 61 -1
18 61 1
19 61 1
18 19 61 -1
27 61 1
28 61 1
27 28 61 -1
1 2 8 9 12 18 19 27 28 61 1
35 61 1
36 61 1
35 36 61 -1
1 3 8 9 13 18 19 35 36 61 1
2 3 8 9 22 27 28 35 36 61 1
12 13 18 19 22 27 28 35 36 61 1
42 61 1
43 61 1
42 43 61 -1
1 4 8 9 14 18 19 42 43 61 1
2 4 8 9 23 27 28 42 43 61 1
12 14 18 19 23 27 28 42 43 61 1
3 4 8 9 31 35 36 42 43 61 1
13 14 18 19 31 35 36 42 43 61 1
22 23 27 28 31 35 36 42 43 61 1
48 61 1
49 61 1
48 49 61 -1
1 5 8 9 15 18 19 48 49 61 1
2 5 8 9 24 27 28 48 49 61 1
12 15 18 19 24 27 28 48 49 61 1
3 5 8 9 32 35 36 48 49 61 1
13 15 18 19 32 35 36 48 49 61 1
22 24 27 28 32 35 36 48 49 61 1
4 5 8 9 39 42 43 48 49 61 1
14 15 18 19 39 42 43 48 49 61 1
23 24 27 28 39 42 43 48 49 61 1
31 32 35 36 39 42 43 48 49 61 1
53 61 1
54 61 1
53 54 61 -1
1 6 8 9 16 18 19 53 54 61 1
2 6 8 9 25 27 28 53 54 61 1
12 16 18 19 25 27 28 53 54 61 1
3 6 8 9 33 35 36 53 54 61 1
13 16 18 19 33 35 36 53 54 61 1
22 25 27 28 33 35 36 53 54 61 1
4 6 8 9 40 42 43 53 54 61 1
14 16 18 19 40 42 43 53 54 61 1
23 25 27 28 40 42 43 53 54 61 1
31 33 35 36 40 42 43 53 54 61 1
5 6 8 9 46 48 49 53 54 61 1
15 16 18 19 46 48 49 53 54 61 1
24 25 27 28 46 48 49 53 54 61 1
32 33 35 36 46 48 49 53 54 61 1
39 40 42 43 46 48 49 53 54 61 1
57 61 1
58 61 1
57 58 61 -1
1 7 8 9 17 18 19 57 58 61 1
2 7 8 9 26 27 28 57 58 61 1
12 17 18 19 26 27 28 57 58 61 1
3 7 8 9 34 35 36 57 58 61 1
13 17 18 19 34 35 36 57 58 61 1
22 26 27 28 34 35 36 57 58 61 1
4 7 8 9 41 42 43 57 58 61 1
14 17 18 19 41 42 43 57 58 61 1
23 26 27 28 41 42 43 57 58 61 1
31 34 35 36 41 42 43 57 58 61 1
5 7 8 9 47 48 49 57 58 61 1
15 17 18 19 47 48 49 57 58 61 1
24 26 27 28 47 48 49 57 58 61 1
32 34 35 36 47 48 49 57 58 61 1
39 41 42 43 47 48 49 57 58 61 1
6 7 8 9 52 53 54 57 58 61 1
16 17 18 19 52 53 54 57 58 61 1
25 26 27 28 52 53 54 57 58 61 1
33 34 35 36 52 53 54 57 58 61 1
40 41 42 43 52 53 54 57 58 61 1
46 47 48 49 52 53 54 57 58 61 1
62 -10
8 62 1
10 62 1
8 10 62 -1
18 62 1
20 62 1
18 20 62 -1
27 62 1
29 62 1
27 29 62 -1
1 2 8 10 12 18 20 27 29 62 1
35 62 1
37 62 1
35 37 62 -1
1 3 8 10 13 18 20 35 37 62 1
2 3 8 10 22 27 29 35 37 62 1
12 13 18 20 22 27 29 35 37 62 1
42 62 1
44 62 1
42 44 62 -1
1 4 8 10 14 18 20 42 44 62 1
2 4 8 10 23 27 29 42 44 62 1
12 14 18 20 23 27 29 42 44 62 1
3 4 8 10 31 35 37 42 44 62 1
13 14 18 20 31 35 37 42 44 62 1
22 23 27 29 31 35 37 42 44 62 1
48 62 1
50 62 1
48 50 62 -1
1 5 8 10 15 18 20 48 50 62 1
2 5 8 10 24 27 29 48 50 62 1
12 15 18 20 24 27 29 48 50 62 1
3 5 8 10 32 35 37 48 50 62 1
13 15 18 20 32 35 37 48 50 62 1
22 24 27 29 32 35 37 48 50 62 1
4 5 8 10 39 42 44 48 50 62 1
14 15 18 20 39 42 44 48 50 62 1
23 24 27 29 39 42 44 48 50 62 1
31 32 35 37 39 42 44 48 50 62 1
53 62 1
55 62 1
53 55 62 -1
1 6 8 10 16 18 20 53 55 62 1
2 6 8 10 25 27 29 53 55 62 1
12 16 18 20 25 27 29 53 55 62 1
3 6 8 10 33 35 37 53 55 62 1
13 16 18 20 33 35 37 53 55 62 1
22 25 27 29 33 35 37 53 55 62 1
4 6 8 10 40 42 44 53 55 62 1
14 16 18 20 40 42 44 53 55 62 1
23 25 27 29 40 42 44 53 55 62 1
31 33 35 37 40 42 44 53 55 62 1
5 6 8 10 46 48 50 53 55 62 1
15 16 18 20 46 48 50 53 55 62 1
24 25 27 29 46 48 50 53 55 62 1
32 33 35 37 46 48 50 53 55 62 1
39 40 42 44 46 48 50 53 55 62 1
57 62 1
59 62 1
57 59 62 -1
1 7 8 10 17 18 20 57 59 62 1
2 7 8 10 26 27 29 57 59 62 1
12 17 18 20 26 27 29 57 59 62 1
3 7 8 10 34 35 37 57 59 62 1
13 17 18 20 34 35 37 57 59 62 1
22 26 27 29 34 35 37 57 59 62 1
4 7 8 10 41 42 44 57 59 62 1
14 17 18 20 41 42 44 57 59 62 1
23 26 27 29 41 42 44 57 59 62 1
31 34 35 37 41 42 44 57 59 62 1
5 7 8 10 47 48 50 57 59 62 1
15 17 18 20 47 48 50 57 59 62 1
24 26 27 29 47 48 50 57 59 62 1
32 34 35 37 47 48 50 57 59 62 1
39 41 42 44 47 48 50 57 59 62 1
6 7 8 10 52 53 55 57 59 62 1
16 17 18 20 52 53 55 57 59 62 1
25 26 27 29 52 53 55 57 59 62 1
33 34 35 37 52 53 55 57 59 62 1
40 41 42 44 52 53 55 57 59 62 1
46 47 48 50 52 53 55 57 59 62 1
61 62 1
63 -10
8 63 1
11 63 1
8 11 63 -1
18 63 1
21 63 1
18 21 63 -1
27 63 1
30 63 1
27 30 63 -1
1 2 8 11 12 18 21 27 30 63 1
35 63 1
38 63 1
35 38 63 -1
1 3 8 11 13 18 21 35 38 63 1
2 3 8 11 22 27 30 35 38 63 1
12 13 18 21 22 27 30 35 38 63 1
42 63 1
45 63 1
42 45 63 -1
1 4 8 11 14 18 21 42 45 63 1
2 4 8 11 23 27 30 42 45 63 1
12 14 18 21 23 27 30 42 45 63 1
3 4 8 11 31 35 38 42 45 63 1
13 14 18 21 31 35 38 42 45 63 1
22 23 27 30 31 35 38 42 45 63 1
48 63 1
51 63 1
48 51 63 -1
1 5 8 11 15 18 21 48 51 63 1
2 5 8 11 24 27 30 48 51 63 1
12 15 18 21 24 27 30 48 51 63 1
3 5 8 11 32 35 38 48 51 63 1
13 15 18 21 32 35 38 48 51 63 1
22 24 27 30 32 35 38 48 51 63 1
4 5 8 11 39 42 45 48 51 63 1
14 15 18 21 39 42 45 48 51 63 1
23 24 27 30 39 42 45 48 51 63 1
31 32 35 38 39 42 45 48 51 63 1
53 63 1
56 63 1
53 56 63 -1
1 6 8 11 16 18 21 53 56 63 1
2 6 8 11 25 27 30 53 56 63 1
12 16 18 21 25 27 30 53 56 63 1
3 6 8 11 33 35 38 53 56 63 1
13 16 18 21 33 35 38 53 56 63 1
22 25 27 30 33 35 38 53 56 63 1
4 6 8 11 40 42 45 53 56 63 1
14 16 18 21 40 42 45 53 56 63 1
23 25 27 30 40 42 45 53 56 63 1
31 33 35 38 40 42 45 53 56 63 1
5 6 8 11 46 48 51 53 56 63 1
15 16 18 21 46 48 51 53 56 63 1
24 25 27 30 46 48 51 53 56 63 1
32 33 35 38 46 48 51 53 56 63 1
39 40 42 45 46 48 51 53 56 63 1
57 63 1
60 63 1
57 60 63 -1
1 7 8 11 17 18 21 57 60 63 1
2 7 8 11 26 27 30 57 60 63 1
12 17 18 21 26 27 30 57 60 63 1
3 7 8 11 34 35 38 57 60 63 1
13 17 18 21 34 35 38 57 60 63 1
22 26 27 30 34 35 38 57 60 63 1
4 7 8 11 41 42 45 57 60 63 1
14 17 18 21 41 42 45 57 60 63 1
23 26 27 30 41 42 45 57 60 63 1
31 34 35 38 41 42 45 57 60 63 1
5 7 8 11 47 48 51 57 60 63 1
15 17 18 21 47 48 51 57 60 63 1
24 26 27 30 47 48 51 57 60 63 1
32 34 35 38 47 48 51 57 60 63 1
39 41 42 45 47 48 51 57 60 63 1
6 7 8 11 52 53 56 57 60 63 1
16 17 18 21 52 53 56 57 60 63 1
25 26 27 30 52 53 56 57 60 63 1
33 34 35 38 52 53 56 57 60 63 1
40 41 42 45 52 53 56 57 60 63 1
46 47 48 51 52 53 56 57 60 63 1
61 63 1
62 63 1
64 -10
9 64 1
10 64 1
9 10 64 -1
19 64 1
20 64 1
19 20 64 -1
28 64 1
29 64 1
28 29 64 -1
1 2 9 10 12 19 20 28 29 64 1
36 64 1
37 64 1
36 37 64 -1
1 3 9 10 13 19 20 36 37 64 1
2 3 9 10 22 28 29 36 37 64 1
12 13 19 20 22 28 29 36 37 64 1
43 64 1
44 64 1
43 44 64 -1
1 4 9 10 14 19 20 43 44 64 1
2 4 9 10 23 28 29 43 44 64 1
12 14 19 20 23 28 29 43 44 64 1
3 4 9 10 31 36 37 43 44 64 1
13 14 19 20 31 36 37 43 44 64 1
22 23 28 29 31 36 37 43 44 64 1
49 64 1
50 64 1
49 50 64 -1
1 5 9 10 15 19 20 49 50 64 1
2 5 9 10 24 28 29 49 50 64 1
12 15 19 20 24 28 29 49 50 64 1
3 5 9 10 32 36 37 49 50 64 1
13 15 19 20 32 36 37 49 50 64 1
22 24 28 29 32 36 37 49 50 64 1
4 5 9 10 39 43 44 49 50 64 1
14 15 19 20 39 43 44 49 50 64 1
23 24 28 29 39 43 44 49 50 64 1
31 32 36 37 39 43 44 49 50 64 1
54 64 1
55 64 1
54 55 64 -1
1 6 9 10 16 19 20 54 55 64 1
2 6 9 10 25 28 29 54 55 64 1
12 16 19 20 25 28 29 54 55 64 1
3 6 9 10 33 36 37 54 55 64 1
13 16 19 20 33 36 37 54 55 64 1
22 25 28 29 33 36 37 54 55 64 1
4 6 9 10 40 43 44 54 55 64 1
14 16 19 20 40 43 44 54 55 64 1
23 25 28 29 40 43 44 54 55 64 1
31 33 36 37 40 43 44 54 55 64 1
5 6 9 10 46 49 50 54 55 64 1
15 16 19 20 46 49 50 54 55 64 1
24 25 28 29 46 49 50 54 55 64 1
32 33 36 37 46 49 50 54 55 64 1
39 40 43 44 46 49 50 54 55 64 1
58 64 1
59 64 1
58 59 64 -1
1 7 9 10 17 19 20 58 59 64 1
2 7 9 10 26 28 29 58 59 64 1
12 17 19 20 26 28 29 58 59 64 1
3 7 9 10 34 36 37 58 59 64 1
13 17 19 20 34 36 37 58 59 64 1
22 26 28 29 34 36 37 58 59 64 1
4 7 9 10 41 43 44 58 59 64 1
14 17 19 20 41 43 44 58 59 64 1
23 26 28 29 41 43 44 58 59 64 1
31 34 36 37 41 43 44 58 59 64 1
5 7 9 10 47 49 50 58 59 64 1
15 17 19 20 47 49 50 58 59 64 1
24 26 28 29 47 49 50 58 59 64 1
32 34 36 37 47 49 50 58 59 64 1
39 41 43 44 47 49 50 58 59 64 1
6 7 9 10 52 54 55 58 59 64 1
16 17 19 20 52 54 55 58 59 64 1
25 26 28 29 52 54 55 58 59 64 1
33 34 36 37 52 54 55 58 59 64 1
40 41 43 44 52 54 55 58 59 64 1
46 47 49 50 52 54 55 58 59 64 1
61 64 1
62 64 1
61 62 64 -1
1 8 9 10 18 19 20 61 62 64 1
2 8 9 10 27 28 29 61 62 64 1
12 18 19 20 27 28 29 61 62 64 1
3 8 9 10 35 36 37 61 62 64 1
13 18 19 20 35 36 37 61 62 64 1
22 27 28 29 35 36 37 61 62 64 1
4 8 9 10 42 43 44 61 62 64 1
14 18 19 20 42 43 44 61 62 64 1
23 27 28 29 42 43 44 61 62 64 1
31 35 36 37 42 43 44 61 62 64 1
5 8 9 10 48 49 50 61 62 64 1
15 18 19 20 48 49 50 61 62 64 1
24 27 28 29 48 49 50 61 62 64 1
32 35 36 37 48 49 50 61 62 64 1
39 42 43 44 48 49 50 61 62 64 1
6 8 9 10 53 54 55 61 62 64 1
16 18 19 20 53 54 55 61 62 64 1
25 27 28 29 53 54 55 61 62 64 1
33 35 36 37 53 54 55 61 62 64 1
40 42 43 44 53 54 55 61 62 64 1
46 48 49 50 53 54 55 61 62 64 1
7 8 9 10 57 58 59 61 62 64 1
17 18 19 20 57 58 59 61 62 64 1
26 27 28 29 57 58 59 61 62 64 1
34 35 36 37 57 58 59 61 62 64 1
41 42 43 44 57 58 59 61 62 64 1
47 48 49 50 57 58 59 61 62 64 1
52 53 54 55 57 58 59 61 62 64 1
65 -10
9 65 1
11 65 1
9 11 65 -1
19 65 1
21 65 1
19 21 65 -1
28 65 1
30 65 1
28 30 65 -1
1 2 9 11 12 19 21 28 30 65 1
36 65 1
38 65 1
36 38 65 -1
1 3 9 11 13 19 21 36 38 65 1
2 3 9 11 22 28 30 36 38 65 1
12 13 19 21 22 28 30 36 38 65 1
43 65 1
45 65 1
43 45 65 -1
1 4 9 11 14 19 21 43 45 65 1
2 4 9 11 23 28 30 43 45 65 1
12 14 19 21 23 28 30 43 45 65 1
3 4 9 11 31 36 38 43 45 65 1
13 14 19 21 31 36 38 43 45 65 1
22 23 28 30 31 36 38 43 45 65 1
49 65 1
51 65 1
49 51 65 -1
1 5 9 11 15 19 21 49 51 65 1
2 5 9 11 24 28 30 49 51 65 1
12 15 19 21 24 28 30 49 51 65 1
3 5 9 11 32 36 38 49 51 65 1
13 15 19 21 32 36 38 49 51 65 1
22 24 28 30 32 36 38 49 51 65 1
4 5 9 11 39 43 45 49 51 65 1
14 15 19 21 39 43 45 49 51 65 1
23 24 28 30 39 43 45 49 51 65 1
31 32 36 38 39 43 45 49 51 65 1
54 65 1
56 65 1
54 56 65 -1
1 6 9 11 16 19 21 54 56 65 1
2 6 9 11 25 28 30 54 56 65 1
12 16 19 21 25 28 30 54 56 65 1
3 6 9 11 33 36 38 54 56 65 1
13 16 19 21 33 36 38 54 56 65 1
22 25 28 30 33 36 38 54 56 65 1
4 6 9 11 40 43 45 54 56 65 1
14 16 19 21 40 43 45 54 56 65 1
23 25 28 30 40 43 45 54 56 65 1
31 33 36 38 40 43 45 54 56 65 1
5 6 9 11 46 49 51 54 56 65 1
15 16 19 21 46 49 51 54 56 65 1
24 25 28 30 46 49 51 54 56 65 1
32 33 36 38 46 49 51 54 56 65 1
39 40 43 45 46 49 51 54 56 65 1
58 65 1
60 65 1
58 60 65 -1
1 7 9 11 17 19 21 58 60 65 1
2 7 9 11 26 28 30 58 60 65 1
12 17 19 21 26 28 30 58 60 65 1
3 7 9 11 34 36 38 58 60 65 1
13 17 19 21 34 36 38 58 60 65 1
22 26 28 30 34 36 38 58 60 65 1
4 7 9 11 41 43 45 58 60 65 1
14 17 19 21 41 43 45 58 60 65 1
23 26 28 30 41 43 45 58 60 65 1
31 34 36 38 41 43 45 58 60 65 1
5 7 9 11 47 49 51 58 60 65 1
15 17 19 21 47 49 51 58 60 65 1
24 26 28 30 47 49 51 58 60 65 1
32 34 36 38 47 49 51 58 60 65 1
39 41 43 45 47 49 51 58 60 65 1
6 7 9 11 52 54 56 58 60 65 1
16 17 19 21 52 54 56 58 60 65 1
25 26 28 30 52 54 56 58 60 65 1
33 34 36 38 52 54 56 58 60 65 1
40 41 43 45 52 54 56 58 60 65 1
46 47 49 51 52 54 56 58 60 65 1
61 65 1
63 65 1
61 63 65 -1
1 8 9 11 18 19 21 61 63 65 1
2 8 9 11 27 28 30 61 63 65 1
12 18 19 21 27 28 30 61 63 65 1
3 8 9 11 35 36 38 61 63 65 1
13 18 19 21 35 36 38 61 63 65 1
22 27 28 30 35 36 38 61 63 65 1
4 8 9 11 42 43 45 61 63 65 1
14 18 19 21 42 43 45 61 63 65 1
23 27 28 30 42 43 45 61 63 65 1
31 35 36 38 42 43 45 61 63 65 1
5 8 9 11 48 49 51 61 63 65 1
15 18 19 21 48 49 51 61 63 65 1
24 27 28 30 48 49 51 61 63 65 1
32 35 36 38 48 49 51 61 63 65 1
39 42 43 45 48 49 51 61 63 65 1
6 8 9 11 53 54 56 61 63 65 1
16 18 19 21 53 54 56 61 63 65 1
25 27 28 30 53 54 56 61 63 65 1
33 35 36 38 53 54 56 61 63 65 1
40 42 43 45 53 54 56 61 63 65 1
46 48 49 51 53 54 56 61 63 65 1
7 8 9 11 57 58 60 61 63 65 1
17 18 19 21 57 58 60 61 63 65 1
26 27 28 30 57 58 60 61 63 65 1
34 35 36 38 57 58 60 61 63 65 1
41 42 43 45 57 58 60 61 63 65 1
47 48 49 51 57 58 60 61 63 65 1
52 53 54 56 57 58 60 61 63 65 1
64 65 1
66 -10
10 66 1
11 66 1
10 11 66 -1
20 66 1
21 66 1
20 21 66 -1
29 66 1
30 66 1
29 30 66 -1
1 2 10 11 12 20 21 29 30 66 1
37 66 1
38 66 1
37 38 66 -1
1 3 10 11 13 20 21 37 38 66 1
2 3 10 11 22 29 30 37 38 66 1
12 13 20 21 22 29 30 37 38 66 1
44 66 1
45 66 1
44 45 66 -1
1 4 10 11 14 20 21 44 45 66 1
2 4 10 11 23 29 30 44 45 66 1
12 14 20 21 23 29 30 44 45 66 1
3 4 10 11 31 37 38 44 45 66 1
13 14 20 21 31 37 38 44 45 66 1
22 23 29 30 31 37 38 44 45 66 1
50 66 1
51 66 1
50 51 66 -1
1 5 10 11 15 20 21 50 51 66 1
2 5 10 11 24 29 30 50 51 66 1
12 15 20 21 24 29 30 50 51 66 1
3 5 10 11 32 37 38 50 51 66 1
13 15 20 21 32 37 38 50 51 66 1
22 24 29 30 32 37 38 50 51 66 1
4 5 10 11 39 44 45 50 51 66 1
14 15 20 21 39 44 45 50 51 66 1
23 24 29 30 39 44 45 50 51 66 1
31 32 37 38 39 44 45 50 51 66 1
55 66 1
56 66 1
55 56 66 -1
1 6 10 11 16 20 21 55 56 66 1
2 6 10 11 25 29 30 55 56 66 1
12 16 20 21 25 29 30 55 56 66 1
3 6 10 11 33 37 38 55 56 66 1
13 16 20 21 33 37 38 55 56 66 1
22 25 29 30 33 37 38 55 56 66 1
4 6 10 11 40 44 45 55 56 66 1
14 16 20 21 40 44 45 55 56 66 1
23 25 29 30 40 44 45 55 56 66 1
31 33 37 38 40 44 45 55 56 66 1
5 6 10 11 46 50 51 55 56 66 1
15 16 20 21 46 50 51 55 56 66 1
24 25 29 30 46 50 51 55 56 66 1
32 33 37 38 46 50 51 55 56 66 1
39 40 44 45 46 50 51 55 56 66 1
59 66 1
60 66 1
59 60 66 -1
1 7 10 11 17 20 21 59 60 66 1
2 7 10 11 26 29 30 59 60 66 1
12 17 20 21 26 29 30 59 60 66 1
3 7 10 11 34 37 38 59 60 66 1
13 17 20 21 34 37 38 59 60 66 1
22 26 29 30 34 37 38 59 60 66 1
4 7 10 11 41 44 45 59 60 66 1
14 17 20 21 41 44 45 59 60 66 1
23 26 29 30 41 44 45 59 60 66 1
31 34 37 38 41 44 45 59 60 66 1
5 7 10 11 47 50 51 59 60 66 1
15 17 20 21 47 50 51 59 60 66 1
24 26 29 30 47 50 51 59 60 66 1
32 34 37 38 47 50 51 59 60 66 1
39 41 44 45 47 50 51 59 60 66 1
6 7 10 11 52 55 56 59 60 66 1
16 17 20 21 52 55 56 59 60 66 1
25 26 29 30 52 55 56 59 60 66 1
33 34 37 38 52 55 56 59 60 66 1
40 41 44 45 52 55 56 59 60 66 1
46 47 50 51 52 55 56 59 60 66 1
62 66 1
63 66 1
62 63 66 -1
1 8 10 11 18 20 21 62 63 66 1
2 8 10 11 27 29 30 62 63 66 1
12 18 20 21 27 29 30 62 63 66 1
3 8 10 11 35 37 38 62 63 66 1
13 18 20 21 35 37 38 62 63 66 1
22 27 29 30 35 37 38 62 63 66 1
4 8 10 11 42 44 45 62 63 66 1
14 18 20 21 42 44 45 62 63 66 1
23 27 29 30 42 44 45 62 63 66 1
31 35 37 38 42 44 45 62 63 66 1
5 8 10 11 48 50 51 62 63 66 1
15 18 20 21 48 50 51 62 63 66 1
24 27 29 30 48 50 51 62 63 66 1
32 35 37 38 48 50 51 62 63 66 1
39 42 44 45 48 50 51 62 63 66 1
6 8 10 11 53 55 56 62 63 66 1
16 18 20 21 53 55 56 62 63 66 1
25 27 29 30 53 55 56 62 63 66 1
33 35 37 38 53 55 56 62 63 66 1
40 42 44 45 53 55 56 62 63 66 1
46 48 50 51 53 55 56 62 63 66 1
7 8 10 11 57 59 60 62 63 66 1
17 18 20 21 57 59 60 62 63 66 1
26 27 29 30 57 59 60 62 63 66 1
34 35 37 38 57 59 60 62 63 66 1
41 42 44 45 57 59 60 62 63 66 1
47 48 50 51 57 59 60 62 63 66 1
52 53 55 56 57 59 60 62 63 66 1
64 66 1
65 66 1
64 65 66 -1
1 9 10 11 19 20 21 64 65 66 1
2 9 10 11 28 29 30 64 65 66 1
12 19 20 21 28 29 30 64 65 66 1
3 9 10 11 36 37 38 64 65 66 1
13 19 20 21 36 37 38 64 65 66 1
22 28 29 30 36 37 38 64 65 66 1
4 9 10 11 43 44 45 64 65 66 1
14 19 20 21 43 44 45 64 65 66 1
23 28 29 30 43 44 45 64 65 66 1
31 36 37 38 43 44 45 64 65 66 1
5 9 10 11 49 50 51 64 65 66 1
15 19 20 21 49 50 51 64 65 66 1
24 28 29 30 49 50 51 64 65 66 1
32 36 37 38 49 50 51 64 65 66 1
39 43 44 45 49 50 51 64 65 66 1
6 9 10 11 54 55 56 64 65 66 1
16 19 20 21 54 55 56 64 65 66 1
25 28 29 30 54 55 56 64 65 66 1
33 36 37 38 54 55 56 64 65 66 1
40 43 44 45 54 55 56 64 65 66 1
46 49 50 51 54 55 56 64 65 66 1
7 9 10 11 58 59 60 64 65 66 1
17 19 20 21 58 59 60 64 65 66 1
26 28 29 30 58 59 60 64 65 66 1
34 36 37 38 58 59 60 64 65 66 1
41 43 44 45 58 59 60 64 65 66 1
47 49 50 51 58 59 60 64 65 66 1
52 54 55 56 58 59 60 64 65 66 1
8 9 10 11 61 62 63 64 65 66 1
18 19 20 21 61 62 63 64 65 66 1
27 28 29 30 61 62 63 64 65 66 1
35 36 37 38 61 62 63 64 65 66 1
42 43 44 45 61 62 63 64 65 66 1
48 49 50 51 61 62 63 64 65 66 1
53 54 55 56 61 62 63 64 65 66 1
57 58 59 60 61 62 63 64 65 66 1
