120
1 -8
2 -8
1 2 1
3 -8
1 3 1
2 3 1
4 -8
1 4 1
2 4 1
3 4 1
5 -8
1 5 1
2 5 1
3 5 1
4 5 1
6 -8
1 6 1
2 6 1
3 6 1
4 6 1
5 6 1
7 -8
1 7 1
2 7 1
3 7 1
4 7 1
5 7 1
6 7 1
8 -8
1 8 1
2 8 1
3 8 1
4 8 1
5 8 1
6 8 1
7 8 1
9 -8
1 9 1
2 9 1
3 9 1
4 9 1
5 9 1
6 9 1
7 9 1
8 9 1
10 -8
1 10 1
2 10 1
1 2 10 -1
11 -8
1 11 1
3 11 1
1 3 11 -1
10 11 1
12 -8
1 12 1
4 12 1
1 4 12 -1
10 12 1
11 12 1
13 -8
1 13 1
5 13 1
1 5 13 -1
10 13 1
11 13 1
12 13 1
14 -8
1 14 1
6 14 1
1 6 14 -1
10 14 1
11 14 1
12 14 1
13 14 1
15 -8
1 15 1
7 15 1
1 7 15 -1
10 15 1
11 15 1
12 15 1
13 15 1
14 15 1
16 -8
1 16 1
8 16 1
1 8 16 -1
10 16 1
11 16 1
12 16 1
13 16 1
14 16 1
15 16 1
17 -8
1 17 1
9 17 1
1 9 17 -1
10 17 1
11 17 1
12 17 1
13 17 1
14 17 1
15 17 1
16 17 1
18 -8
2 18 1
3 18 1
2 3 18 -1
10 18 1
11 18 1
10 11 18 -1
19 -8
2 19 1
4 19 1
2 4 19 -1
10 19 1
12 19 1
10 12 19 -1
18 19 1
20 -8
2 20 1
5 20 1
2 5 20 -1
10 20 1
13 20 1
10 13 20 -1
18 20 1
19 20 1
21 -8
2 21 1
6 21 1
2 6 21 -1
10 21 1
14 21 1
10 14 21 -1
18 21 1
19 21 1
20 21 1
22 -8
2 22 1
7 22 1
2 7 22 -1
10 22 1
15 22 1
10 15 22 -1
18 22 1
19 22 1
20 22 1
21 22 1
23 -8
2 23 1
8 23 1
2 8 23 -1
10 23 1
16 23 1
10 16 23 -1
18 23 1
19 23 1
20 23 1
21 23 1
22 23 1
24 -8
2 24 1
9 24 1
2 9 24 -1
10 24 1
17 24 1
10 17 24 -1
18 24 1
19 24 1
20 24 1
21 24 1
22 24 1
23 24 1
25 -8
3 25 1
4 25 1
3 4 25 -1
11 25 1
12 25 1
11 12 25 -1
18 25 1
19 25 1
18 19 25 -1
1 2 3 4 10 11 12 18 19 25 1
26 -8
3 26 1
5 26 1
3 5 26 -1
11 26 1
13 26 1
11 13 26 -1
18 26 1
20 26 1
18 20 26 -1
1 2 3 5 10 11 13 18 20 26 1
25 26 1
27 -8
3 27 1
6 27 1
3 6 27 -1
11 27 1
14 27 1
11 14 27 -1
18 27 1
21 27 1
18 21 27 -1
1 2 3 6 10 11 14 18 21 27 1
25 27 1
26 27 1
28 -8
3 28 1
7 28 1
3 7 28 -1
11 28 1
15 28 1
11 15 28 -1
18 28 1
22 28 1
18 22 28 -1
1 2 3 7 10 11 15 18 22 28 1
25 28 1
26 28 1
27 28 1
29 -8
3 29 1
8 29 1
3 8 29 -1
11 29 1
16 29 1
11 16 29 -1
18 29 1
23 29 1
18 23 29 -1
1 2 3 8 10 11 16 18 23 29 1
25 29 1
26 29 1
27 29 1
28 29 1
30 -8
3 30 1
9 30 1
3 9 30 -1
11 30 1
17 30 1
11 17 30 -1
18 30 1
24 30 1
18 24 30 -1
1 2 3 9 10 11 17 18 24 30 1
25 30 1
26 30 1
27 30 1
28 30 1
29 30 1
31 -8
4 31 1
5 31 1
4 5 31 -1
12 31 1
13 31 1
12 13 31 -1
19 31 1
20 31 1
19 20 31 -1
1 2 4 5 10 12 13 19 20 31 1
25 31 1
26 31 1
25 26 31 -1
1 3 4 5 11 12 13 25 26 31 1
2 3 4 5 18 19 20 25 26 31 1
10 11 12 13 18 19 20 25 26 31 1
32 -8
4 32 1
6 32 1
4 6 32 -1
12 32 1
14 32 1
12 14 32 -1
19 32 1
21 32 1
19 21 32 -1
1 2 4 6 10 12 14 19 21 32 1
25 32 1
27 32 1
25 27 32 -1
1 3 4 6 11 12 14 25 27 32 1
2 3 4 6 18 19 21 25 27 32 1
10 11 12 14 18 19 21 25 27 32 1
31 32 1
33 -8
4 33 1
7 33 1
4 7 33 -1
12 33 1
15 33 1
12 15 33 -1
19 33 1
22 33 1
19 22 33 -1
1 2 4 7 10 12 15 19 22 33 1
25 33 1
28 33 1
25 28 33 -1
1 3 4 7 11 12 15 25 28 33 1
2 3 4 7 18 19 22 25 28 33 1
10 11 12 15 18 19 22 25 28 33 1
31 33 1
32 33 1
34 -8
4 34 1
8 34 1
4 8 34 -1
12 34 1
16 34 1
12 16 34 -1
19 34 1
23 34 1
19 23 34 -1
1 2 4 8 10 12 16 19 23 34 1
25 34 1
29 34 1
25 29 34 -1
1 3 4 8 11 12 16 25 29 34 1
2 3 4 8 18 19 23 25 29 34 1
10 11 12 16 18 19 23 25 29 34 1
31 34 1
32 34 1
33 34 1
35 -8
4 35 1
9 35 1
4 9 35 -1
12 35 1
17 35 1
12 17 35 -1
19 35 1
24 35 1
19 24 35 -1
1 2 4 9 10 12 17 19 24 35 1
25 35 1
30 35 1
25 30 35 -1
1 3 4 9 11 12 17 25 30 35 1
2 3 4 9 18 19 24 25 30 35 1
10 11 12 17 18 19 24 25 30 35 1
31 35 1
32 35 1
33 35 1
34 35 1
36 -8
5 36 1
6 36 1
5 6 36 -1
13 36 1
14 36 1
13 14 36 -1
20 36 1
21 36 1
20 21 36 -1
1 2 5 6 10 13 14 20 21 36 1
26 36 1
27 36 1
26 27 36 -1
1 3 5 6 11 13 14 26 27 36 1
2 3 5 6 18 20 21 26 27 36 1
10 11 13 14 18 20 21 26 27 36 1
31 36 1
32 36 1
31 32 36 -1
1 4 5 6 12 13 14 31 32 36 1
2 4 5 6 19 20 21 31 32 36 1
10 12 13 14 19 20 21 31 32 36 1
3 4 5 6 25 26 27 31 32 36 1
11 12 13 14 25 26 27 31 32 36 1
18 19 20 21 25 26 27 31 32 36 1
37 -8
5 37 1
7 37 1
5 7 37 -1
13 37 1
15 37 1
13 15 37 -1
20 37 1
22 37 1
20 22 37 -1
1 2 5 7 10 13 15 20 22 37 1
26 37 1
28 37 1
26 28 37 -1
1 3 5 7 11 13 15 26 28 37 1
2 3 5 7 18 20 22 26 28 37 1
10 11 13 15 18 20 22 26 28 37 1
31 37 1
33 37 1
31 33 37 -1
1 4 5 7 12 13 15 31 33 37 1
2 4 5 7 19 20 22 31 33 37 1
10 12 13 15 19 20 22 31 33 37 1
3 4 5 7 25 26 28 31 33 37 1
11 12 13 15 25 26 28 31 33 37 1
18 19 20 22 25 26 28 31 33 37 1
36 37 1
38 -8
5 38 1
8 38 1
5 8 38 -1
13 38 1
16 38 1
13 16 38 -1
20 38 1
23 38 1
20 23 38 -1
1 2 5 8 10 13 16 20 23 38 1
26 38 1
29 38 1
26 29 38 -1
1 3 5 8 11 13 16 26 29 38 1
2 3 5 8 18 20 23 26 29 38 1
10 11 13 16 18 20 23 26 29 38 1
31 38 1
34 38 1
31 34 38 -1
1 4 5 8 12 13 16 31 34 38 1
2 4 5 8 19 20 23 31 34 38 1
10 12 13 16 19 20 23 31 34 38 1
3 4 5 8 25 26 29 31 34 38 1
11 12 13 16 25 26 29 31 34 38 1
18 19 20 23 25 26 29 31 34 38 1
36 38 1
37 38 1
39 -8
5 39 1
9 39 1
5 9 39 -1
13 39 1
17 39 1
13 17 39 -1
20 39 1
24 39 1
20 24 39 -1
1 2 5 9 10 13 17 20 24 39 1
26 39 1
30 39 1
26 30 39 -1
1 3 5 9 11 13 17 26 30 39 1
2 3 5 9 18 20 24 26 30 39 1
10 11 13 17 18 20 24 26 30 39 1
31 39 1
35 39 1
31 35 39 -1
1 4 5 9 12 13 17 31 35 39 1
2 4 5 9 19 20 24 31 35 39 1
10 12 13 17 19 20 24 31 35 39 1
3 4 5 9 25 26 30 31 35 39 1
11 12 13 17 25 26 30 31 35 39 1
18 19 20 24 25 26 30 31 35 39 1
36 39 1
37 39 1
38 39 1
40 -8
6 40 1
7 40 1
6 7 40 -1
14 40 1
15 40 1
14 15 40 -1
21 40 1
22 40 1
21 22 40 -1
1 2 6 7 10 14 15 21 22 40 1
27 40 1
28 40 1
27 28 40 -1
1 3 6 7 11 14 15 27 28 40 1
2 3 6 7 18 21 22 27 28 40 1
10 11 14 15 18 21 22 27 28 40 1
32 40 1
33 40 1
32 33 40 -1
1 4 6 7 12 14 15 32 33 40 1
2 4 6 7 19 21 22 32 33 40 1
10 12 14 15 19 21 22 32 33 40 1
3 4 6 7 25 27 28 32 33 40 1
11 12 14 15 25 27 28 32 33 40 1
18 19 21 22 25 27 28 32 33 40 1
36 40 1
37 40 1
36 37 40 -1
1 5 6 7 13 14 15 36 37 40 1
2 5 6 7 20 21 22 36 37 40 1
10 13 14 15 20 21 22 36 37 40 1
3 5 6 7 26 27 28 36 37 40 1
11 13 14 15 26 27 28 36 37 40 1
18 20 21 22 26 27 28 36 37 40 1
4 5 6 7 31 32 33 36 37 40 1
12 13 14 15 31 32 33 36 37 40 1
19 20 21 22 31 32 33 36 37 40 1
25 26 27 28 31 32 33 36 37 40 1
41 -8
6 41 1
8 41 1
6 8 41 -1
14 41 1
16 41 1
14 16 41 -1
21 41 1
23 41 1
21 23 41 -1
1 2 6 8 10 14 16 21 23 41 1
27 41 1
29 41 1
27 29 41 -1
1 3 6 8 11 14 16 27 29 41 1
2 3 6 8 18 21 23 27 29 41 1
10 11 14 16 18 21 23 27 29 41 1
32 41 1
34 41 1
32 34 41 -1
1 4 6 8 12 14 16 32 34 41 1
2 4 6 8 19 21 23 32 34 41 1
10 12 14 16 19 21 23 32 34 41 1
3 4 6 8 25 27 29 32 34 41 1
11 12 14 16 25 27 29 32 34 41 1
18 19 21 23 25 27 29 32 34 41 1
36 41 1
38 41 1
36 38 41 -1
1 5 6 8 13 14 16 36 38 41 1
2 5 6 8 20 21 23 36 38 41 1
10 13 14 16 20 21 23 36 38 41 1
3 5 6 8 26 27 29 36 38 41 1
11 13 14 16 26 27 29 36 38 41 1
18 20 21 23 26 27 29 36 38 41 1
4 5 6 8 31 32 34 36 38 41 1
12 13 14 16 31 32 34 36 38 41 1
19 20 21 23 31 32 34 36 38 41 1
25 26 27 29 31 32 34 36 38 41 1
40 41 1
42 -8
6 42 1
9 42 1
6 9 42 -1
14 42 1
17 42 1
14 17 42 -1
21 42 1
24 42 1
21 24 42 -1
1 2 6 9 10 14 17 21 24 42 1
27 42 1
30 42 1
27 30 42 -1
1 3 6 9 11 14 17 27 30 42 1
2 3 6 9 18 21 24 27 30 42 1
10 11 14 17 18 21 24 27 30 42 1
32 42 1
35 42 1
32 35 42 -1
1 4 6 9 12 14 17 32 35 42 1
2 4 6 9 19 21 24 32 35 42 1
10 12 14 17 19 21 24 32 35 42 1
3 4 6 9 25 27 30 32 35 42 1
11 12 14 17 25 27 30 32 35 42 1
18 19 21 24 25 27 30 32 35 42 1
36 42 1
39 42 1
36 39 42 -1
1 5 6 9 13 14 17 36 39 42 1
2 5 6 9 20 21 24 36 39 42 1
10 13 14 17 20 21 24 36 39 42 1
3 5 6 9 26 27 30 36 39 42 1
11 13 14 17 26 27 30 36 39 42 1
18 20 21 24 26 27 30 36 39 42 1
4 5 6 9 31 32 35 36 39 42 1
12 13 14 17 31 32 35 36 39 42 1
19 20 21 24 31 32 35 36 39 42 1
25 26 27 30 31 32 35 36 39 42 1
40 42 1
41 42 1
43 -8
7 43 1
8 43 1
7 8 43 -1
15 43 1
16 43 1
15 16 43 -1
22 43 1
23 43 1
22 23 43 -1
1 2 7 8 10 15 16 22 23 43 1
28 43 1
29 43 1
28 29 43 -1
1 3 7 8 11 15 16 28 29 43 1
2 3 7 8 18 22 23 28 29 43 1
10 11 15 16 18 22 23 28 29 43 1
33 43 1
34 43 1
33 34 43 -1
1 4 7 8 12 15 16 33 34 43 1
2 4 7 8 19 22 23 33 34 43 1
10 12 15 16 19 22 23 33 34 43 1
3 4 7 8 25 28 29 33 34 43 1
11 12 15 16 25 28 29 33 34 43 1
18 19 22 23 25 28 29 33 34 43 1
37 43 1
38 43 1
37 38 43 -1
1 5 7 8 13 15 16 37 38 43 1
2 5 7 8 20 22 23 37 38 43 1
10 13 15 16 20 22 23 37 38 43 1
3 5 7 8 26 28 29 37 38 43 1
11 13 15 16 26 28 29 37 38 43 1
18 20 22 23 26 28 29 37 38 43 1
4 5 7 8 31 33 34 37 38 43 1
12 13 15 16 31 33 34 37 38 43 1
19 20 22 23 31 33 34 37 38 43 1
25 26 28 29 31 33 34 37 38 43 1
40 43 1
41 43 1
40 41 43 -1
1 6 7 8 14 15 16 40 41 43 1
2 6 7 8 21 22 23 40 41 43 1
10 14 15 16 21 22 23 40 41 43 1
3 6 7 8 27 28 29 40 41 43 1
11 14 15 16 27 28 29 40 41 43 1
18 21 22 23 27 28 29 40 41 43 1
4 6 7 8 32 33 34 40 41 43 1
12 14 15 16 32 33 34 40 41 43 1
19 21 22 23 32 33 34 40 41 43 1
25 27 28 29 32 33 34 40 41 43 1
5 6 7 8 36 37 38 40 41 43 1
13 14 15 16 36 37 38 40 41 43 1
20 21 22 23 36 37 38 40 41 43 1
26 27 28 29 36 37 38 40 41 43 1
31 32 33 34 36 37 38 40 41 43 1
44 -8
7 44 1
9 44 1
7 9 44 -1
15 44 1
17 44 1
15 17 44 -1
22 44 1
24 44 1
22 24 44 -1
1 2 7 9 10 15 17 22 24 44 1
28 44 1
30 44 1
28 30 44 -1
1 3 7 9 11 15 17 28 30 44 1
2 3 7 9 18 22 24 28 30 44 1
10 11 15 17 18 22 24 28 30 44 1
33 44 1
35 44 1
33 35 44 -1
1 4 7 9 12 15 17 33 35 44 1
2 4 7 9 19 22 24 33 35 44 1
10 12 15 17 19 22 24 33 35 44 1
3 4 7 9 25 28 30 33 35 44 1
11 12 15 17 25 28 30 33 35 44 1
18 19 22 24 25 28 30 33 35 44 1
37 44 1
39 44 1
37 39 44 -1
1 5 7 9 13 15 17 37 39 44 1
2 5 7 9 20 22 24 37 39 44 1
10 13 15 17 20 22 24 37 39 44 1
3 5 7 9 26 28 30 37 39 44 1
11 13 15 17 26 28 30 37 39 44 1
18 20 22 24 26 28 30 37 39 44 1
4 5 7 9 31 33 35 37 39 44 1
12 13 15 17 31 33 35 37 39 44 1
19 20 22 24 31 33 35 37 39 44 1
25 26 28 30 31 33 35 37 39 44 1
40 44 1
42 44 1
40 42 44 -1
1 6 7 9 14 15 17 40 42 44 1
2 6 7 9 21 22 24 40 42 44 1
10 14 15 17 21 22 24 40 42 44 1
3 6 7 9 27 28 30 40 42 44 1
11 14 15 17 27 28 30 40 42 44 1
18 21 22 24 27 28 30 40 42 44 1
4 6 7 9 32 33 35 40 42 44 1
12 14 15 17 32 33 35 40 42 44 1
19 21 22 24 32 33 35 40 42 44 1
25 27 28 30 32 33 35 40 42 44 1
5 6 7 9 36 37 39 40 42 44 1
13 14 15 17 36 37 39 40 42 44 1
20 21 22 24 36 37 39 40 42 44 1
26 27 28 30 36 37 39 40 42 44 1
31 32 33 35 36 37 39 40 42 44 1
43 44 1
45 -8
8 45 1
9 45 1
8 9 45 -1
16 45 1
17 45 1
16 17 45 -1
23 45 1
24 45 1
23 24 45 -1
1 2 8 9 10 16 17 23 24 45 1
29 45 1
30 45 1
29 30 45 -1
1 3 8 9 11 16 17 29 30 45 1
2 3 8 9 18 23 24 29 30 45 1
10 11 16 17 18 23 24 29 30 45 1
34 45 1
35 45 1
34 35 45 -1
1 4 8 9 12 16 17 34 35 45 1
2 4 8 9 19 23 24 34 35 45 1
10 12 16 17 19 23 24 34 35 45 1
3 4 8 9 25 29 30 34 35 45 1
11 12 16 17 25 29 30 34 35 45 1
18 19 23 24 25 29 30 34 35 45 1
38 45 1
39 45 1
38 39 45 -1
1 5 8 9 13 16 17 38 39 45 1
2 5 8 9 20 23 24 38 39 45 1
10 13 16 17 20 23 24 38 39 45 1
3 5 8 9 26 29 30 38 39 45 1
11 13 16 17 26 29 30 38 39 45 1
18 20 23 24 26 29 30 38 39 45 1
4 5 8 9 31 34 35 38 39 45 1
12 13 16 17 31 34 35 38 39 45 1
19 20 23 24 31 34 35 38 39 45 1
25 26 29 30 31 34 35 38 39 45 1
41 45 1
42 45 1
41 42 45 -1
1 6 8 9 14 16 17 41 42 45 1
2 6 8 9 21 23 24 41 42 45 1
10 14 16 17 21 23 24 41 42 45 1
3 6 8 9 27 29 30 41 42 45 1
11 14 16 17 27 29 30 41 42 45 1
18 21 23 24 27 29 30 41 42 45 1
4 6 8 9 32 34 35 41 42 45 1
12 14 16 17 32 34 35 41 42 45 1
19 21 23 24 32 34 35 41 42 45 1
25 27 29 30 32 34 35 41 42 45 1
5 6 8 9 36 38 39 41 42 45 1
13 14 16 17 36 38 39 41 42 45 1
20 21 23 24 36 38 39 41 42 45 1
26 27 29 30 36 38 39 41 42 45 1
31 32 34 35 36 38 39 41 42 45 1
43 45 1
44 45 1
43 44 45 -1
1 7 8 9 15 16 17 43 44 45 1
2 7 8 9 22 23 24 43 44 45 1
10 15 16 17 22 23 24 43 44 45 1
3 7 8 9 28 29 30 43 44 45 1
11 15 16 17 28 29 30 43 44 45 1
18 22 23 24 28 29 30 43 44 45 1
4 7 8 9 33 34 35 43 44 45 1
12 15 16 17 33 34 35 43 44 45 1
19 22 23 24 33 34 35 43 44 45 1
25 28 29 30 33 34 35 43 44 45 1
5 7 8 9 37 38 39 43 44 45 1
13 15 16 17 37 38 39 43 44 45 1
20 22 23 24 37 38 39 43 44 45 1
26 28 29 30 37 38 39 43 44 45 1
31 33 34 35 37 38 39 43 44 45 1
6 7 8 9 40 41 42 43 44 45 1
14 15 16 17 40 41 42 43 44 45 1
21 22 23 24 40 41 42 43 44 45 1
27 28 29 30 40 41 42 43 44 45 1
32 33 34 35 40 41 42 43 44 45 1
36 37 38 39 40 41 42 43 44 45 1
