9
2 -3
3 -3
4 -5
2 4 2
3 4 2
5 -5
2 5 2
3 5 2
4 5 3
2 4 5 -1
3 4 5 -1
6 -3
2 6 2
4 6 1
2 4 6 -1
5 6 1
2 5 6 -1
7 -3
3 7 2
4 7 1
3 4 7 -1
5 7 1
3 5 7 -1
8 -5
2 8 1
3 8 1
4 8 3
2 4 8 -1
3 4 8 -1
5 8 1
4 5 8 -1
6 8 2
2 6 8 -1
4 6 8 -1
2 4 6 8 1
7 8 2
3 7 8 -1
4 7 8 -1
3 4 7 8 1
9 -5
2 9 1
3 9 1
4 9 1
5 9 3
2 5 9 -1
3 5 9 -1
4 5 9 -1
6 9 2
2 6 9 -1
5 6 9 -1
2 5 6 9 1
7 9 2
3 7 9 -1
5 7 9 -1
3 5 7 9 1
8 9 3
4 8 9 -1
5 8 9 -1
4 5 8 9 1
6 8 9 -1
7 8 9 -1
11 -3
2 11 2
4 11 2
2 4 11 -2
5 11 1
2 5 11 -1
4 5 11 -1
2 4 5 11 1
6 11 2
2 6 11 -1
4 6 11 -1
2 4 6 11 1
8 11 2
2 8 11 -1
4 8 11 -1
2 4 8 11 1
6 8 11 -2
2 6 8 11 1
4 6 8 11 1
2 4 6 8 11 -1
9 11 1
6 9 11 -1
8 9 11 -1
6 8 9 11 1
12 -3
2 12 2
4 12 1
2 4 12 -1
5 12 2
2 5 12 -2
4 5 12 -1
2 4 5 12 1
6 12 2
2 6 12 -1
5 6 12 -1
2 5 6 12 1
8 12 1
6 8 12 -1
9 12 2
2 9 12 -1
5 9 12 -1
2 5 9 12 1
6 9 12 -2
2 6 9 12 1
5 6 9 12 1
2 5 6 9 12 -1
8 9 12 -1
6 8 9 12 1
11 12 2
2 11 12 -1
4 11 12 -1
2 4 11 12 1
5 11 12 -1
2 5 11 12 1
4 5 11 12 1
2 4 5 11 12 -1
6 11 12 -1
8 11 12 -1
6 8 11 12 1
9 11 12 -1
6 9 11 12 1
8 9 11 12 1
6 8 9 11 12 -1
13 -3
3 13 2
4 13 2
3 4 13 -2
5 13 1
3 5 13 -1
4 5 13 -1
3 4 5 13 1
7 13 2
3 7 13 -1
4 7 13 -1
3 4 7 13 1
8 13 2
3 8 13 -1
4 8 13 -1
3 4 8 13 1
7 8 13 -2
3 7 8 13 1
4 7 8 13 1
3 4 7 8 13 -1
9 13 1
7 9 13 -1
8 9 13 -1
7 8 9 13 1
14 -3
3 14 2
4 14 1
3 4 14 -1
5 14 2
3 5 14 -2
4 5 14 -1
3 4 5 14 1
7 14 2
3 7 14 -1
5 7 14 -1
3 5 7 14 1
8 14 1
7 8 14 -1
9 14 2
3 9 14 -1
5 9 14 -1
3 5 9 14 1
7 9 14 -2
3 7 9 14 1
5 7 9 14 1
3 5 7 9 14 -1
8 9 14 -1
7 8 9 14 1
13 14 2
3 13 14 -1
4 13 14 -1
3 4 13 14 1
5 13 14 -1
3 5 13 14 1
4 5 13 14 1
3 4 5 13 14 -1
7 13 14 -1
8 13 14 -1
7 8 13 14 1
9 13 14 -1
7 9 13 14 1
8 9 13 14 1
7 8 9 13 14 -1
15 -5
2 15 1
3 15 1
4 15 3
2 4 15 -1
3 4 15 -1
5 15 3
2 5 15 -1
3 5 15 -1
4 5 15 -3
2 4 5 15 1
3 4 5 15 1
6 15 1
7 15 1
8 15 3
4 8 15 -1
5 8 15 -1
4 5 8 15 1
6 8 15 -1
7 8 15 -1
9 15 3
4 9 15 -1
5 9 15 -1
4 5 9 15 1
6 9 15 -1
7 9 15 -1
8 9 15 -3
4 8 9 15 1
5 8 9 15 1
4 5 8 9 15 -1
6 8 9 15 1
7 8 9 15 1
11 15 2
2 11 15 -1
4 11 15 -1
2 4 11 15 1
5 11 15 -1
2 5 11 15 1
4 5 11 15 1
2 4 5 11 15 -1
6 11 15 -1
8 11 15 -1
6 8 11 15 1
9 11 15 -1
6 9 11 15 1
8 9 11 15 1
6 8 9 11 15 -1
12 15 2
2 12 15 -1
4 12 15 -1
2 4 12 15 1
5 12 15 -1
2 5 12 15 1
4 5 12 15 1
2 4 5 12 15 -1
6 12 15 -1
8 12 15 -1
6 8 12 15 1
9 12 15 -1
6 9 12 15 1
8 9 12 15 1
6 8 9 12 15 -1
11 12 15 -2
2 11 12 15 1
4 11 12 15 1
2 4 11 12 15 -1
5 11 12 15 1
2 5 11 12 15 -1
4 5 11 12 15 -1
2 4 5 11 12 15 1
6 11 12 15 1
8 11 12 15 1
6 8 11 12 15 -1
9 11 12 15 1
6 9 11 12 15 -1
8 9 11 12 15 -1
6 8 9 11 12 15 1
13 15 2
3 13 15 -1
4 13 15 -1
3 4 13 15 1
5 13 15 -1
3 5 13 15 1
4 5 13 15 1
3 4 5 13 15 -1
7 13 15 -1
8 13 15 -1
7 8 13 15 1
9 13 15 -1
7 9 13 15 1
8 9 13 15 1
7 8 9 13 15 -1
14 15 2
3 14 15 -1
4 14 15 -1
3 4 14 15 1
5 14 15 -1
3 5 14 15 1
4 5 14 15 1
3 4 5 14 15 -1
7 14 15 -1
8 14 15 -1
7 8 14 15 1
9 14 15 -1
7 9 14 15 1
8 9 14 15 1
7 8 9 14 15 -1
13 14 15 -2
3 13 14 15 1
4 13 14 15 1
3 4 13 14 15 -1
5 13 14 15 1
3 5 13 14 15 -1
4 5 13 14 15 -1
3 4 5 13 14 15 1
7 13 14 15 1
8 13 14 15 1
7 8 13 14 15 -1
9 13 14 15 1
7 9 13 14 15 -1
8 9 13 14 15 -1
7 8 9 13 14 15 1
2 3 4 5 11 12 13 14 15 1
6 7 8 9 11 12 13 14 15 1
#
