182
2 -27
3 -27
2 3 7
4 -27
2 4 7
3 4 7
2 3 4 -1
5 -27
2 5 7
3 5 7
2 3 5 -1
4 5 7
2 4 5 -1
3 4 5 -1
6 -21
2 6 6
3 6 6
2 3 6 -1
4 6 6
2 4 6 -1
3 4 6 -1
5 6 6
2 5 6 -1
3 5 6 -1
4 5 6 -1
7 -21
2 7 6
3 7 6
2 3 7 -1
4 7 6
2 4 7 -1
3 4 7 -1
5 7 6
2 5 7 -1
3 5 7 -1
4 5 7 -1
8 -27
2 8 7
3 8 7
2 3 8 -1
4 8 7
2 4 8 -1
3 4 8 -1
5 8 7
2 5 8 -1
3 5 8 -1
4 5 8 -1
6 8 6
2 6 8 -1
3 6 8 -1
4 6 8 -1
5 6 8 -1
7 8 6
2 7 8 -1
3 7 8 -1
4 7 8 -1
5 7 8 -1
9 -27
2 9 7
3 9 7
2 3 9 -1
4 9 7
2 4 9 -1
3 4 9 -1
5 9 7
2 5 9 -1
3 5 9 -1
4 5 9 -1
6 9 6
2 6 9 -1
3 6 9 -1
4 6 9 -1
5 6 9 -1
7 9 6
2 7 9 -1
3 7 9 -1
4 7 9 -1
5 7 9 -1
8 9 7
2 8 9 -1
3 8 9 -1
4 8 9 -1
5 8 9 -1
6 8 9 -1
7 8 9 -1
10 -27
2 10 7
3 10 1
2 3 10 -1
4 10 1
2 4 10 -1
5 10 1
2 5 10 -1
6 10 1
2 6 10 -1
7 10 1
2 7 10 -1
8 10 1
2 8 10 -1
9 10 1
2 9 10 -1
11 -27
2 11 1
3 11 7
2 3 11 -1
4 11 1
3 4 11 -1
5 11 1
3 5 11 -1
6 11 1
3 6 11 -1
7 11 1
3 7 11 -1
8 11 1
3 8 11 -1
9 11 1
3 9 11 -1
10 11 7
2 10 11 -1
3 10 11 -1
2 3 10 11 1
12 -27
2 12 1
3 12 1
4 12 7
2 4 12 -1
3 4 12 -1
5 12 1
4 5 12 -1
6 12 1
4 6 12 -1
7 12 1
4 7 12 -1
8 12 1
4 8 12 -1
9 12 1
4 9 12 -1
10 12 7
2 10 12 -1
4 10 12 -1
2 4 10 12 1
11 12 7
3 11 12 -1
4 11 12 -1
3 4 11 12 1
10 11 12 -1
13 -27
2 13 1
3 13 1
4 13 1
5 13 7
2 5 13 -1
3 5 13 -1
4 5 13 -1
6 13 1
5 6 13 -1
7 13 1
5 7 13 -1
8 13 1
5 8 13 -1
9 13 1
5 9 13 -1
10 13 7
2 10 13 -1
5 10 13 -1
2 5 10 13 1
11 13 7
3 11 13 -1
5 11 13 -1
3 5 11 13 1
10 11 13 -1
12 13 7
4 12 13 -1
5 12 13 -1
4 5 12 13 1
10 12 13 -1
11 12 13 -1
14 -21
2 14 1
3 14 1
4 14 1
5 14 1
6 14 6
2 6 14 -1
3 6 14 -1
4 6 14 -1
5 6 14 -1
8 14 1
6 8 14 -1
9 14 1
6 9 14 -1
10 14 6
2 10 14 -1
6 10 14 -1
2 6 10 14 1
11 14 6
3 11 14 -1
6 11 14 -1
3 6 11 14 1
10 11 14 -1
12 14 6
4 12 14 -1
6 12 14 -1
4 6 12 14 1
10 12 14 -1
11 12 14 -1
13 14 6
5 13 14 -1
6 13 14 -1
5 6 13 14 1
10 13 14 -1
11 13 14 -1
12 13 14 -1
15 -21
2 15 1
3 15 1
4 15 1
5 15 1
7 15 6
2 7 15 -1
3 7 15 -1
4 7 15 -1
5 7 15 -1
8 15 1
7 8 15 -1
9 15 1
7 9 15 -1
10 15 6
2 10 15 -1
7 10 15 -1
2 7 10 15 1
11 15 6
3 11 15 -1
7 11 15 -1
3 7 11 15 1
10 11 15 -1
12 15 6
4 12 15 -1
7 12 15 -1
4 7 12 15 1
10 12 15 -1
11 12 15 -1
13 15 6
5 13 15 -1
7 13 15 -1
5 7 13 15 1
10 13 15 -1
11 13 15 -1
12 13 15 -1
16 -27
2 16 1
3 16 1
4 16 1
5 16 1
6 16 1
7 16 1
8 16 7
2 8 16 -1
3 8 16 -1
4 8 16 -1
5 8 16 -1
6 8 16 -1
7 8 16 -1
9 16 1
8 9 16 -1
10 16 7
2 10 16 -1
8 10 16 -1
2 8 10 16 1
11 16 7
3 11 16 -1
8 11 16 -1
3 8 11 16 1
10 11 16 -1
12 16 7
4 12 16 -1
8 12 16 -1
4 8 12 16 1
10 12 16 -1
11 12 16 -1
13 16 7
5 13 16 -1
8 13 16 -1
5 8 13 16 1
10 13 16 -1
11 13 16 -1
12 13 16 -1
14 16 6
6 14 16 -1
8 14 16 -1
6 8 14 16 1
10 14 16 -1
11 14 16 -1
12 14 16 -1
13 14 16 -1
15 16 6
7 15 16 -1
8 15 16 -1
7 8 15 16 1
10 15 16 -1
11 15 16 -1
12 15 16 -1
13 15 16 -1
17 -27
2 17 1
3 17 1
4 17 1
5 17 1
6 17 1
7 17 1
8 17 1
9 17 7
2 9 17 -1
3 9 17 -1
4 9 17 -1
5 9 17 -1
6 9 17 -1
7 9 17 -1
8 9 17 -1
10 17 7
2 10 17 -1
9 10 17 -1
2 9 10 17 1
11 17 7
3 11 17 -1
9 11 17 -1
3 9 11 17 1
10 11 17 -1
12 17 7
4 12 17 -1
9 12 17 -1
4 9 12 17 1
10 12 17 -1
11 12 17 -1
13 17 7
5 13 17 -1
9 13 17 -1
5 9 13 17 1
10 13 17 -1
11 13 17 -1
12 13 17 -1
14 17 6
6 14 17 -1
9 14 17 -1
6 9 14 17 1
10 14 17 -1
11 14 17 -1
12 14 17 -1
13 14 17 -1
15 17 6
7 15 17 -1
9 15 17 -1
7 9 15 17 1
10 15 17 -1
11 15 17 -1
12 15 17 -1
13 15 17 -1
16 17 7
8 16 17 -1
9 16 17 -1
8 9 16 17 1
10 16 17 -1
11 16 17 -1
12 16 17 -1
13 16 17 -1
14 16 17 -1
15 16 17 -1
19 -27
2 19 7
3 19 1
2 3 19 -1
4 19 7
2 4 19 -7
3 4 19 -1
2 3 4 19 1
5 19 1
2 5 19 -1
4 5 19 -1
2 4 5 19 1
6 19 1
2 6 19 -1
4 6 19 -1
2 4 6 19 1
7 19 1
2 7 19 -1
4 7 19 -1
2 4 7 19 1
8 19 1
2 8 19 -1
4 8 19 -1
2 4 8 19 1
9 19 1
2 9 19 -1
4 9 19 -1
2 4 9 19 1
10 19 7
2 10 19 -1
4 10 19 -1
2 4 10 19 1
11 19 1
10 11 19 -1
12 19 7
2 12 19 -1
4 12 19 -1
2 4 12 19 1
10 12 19 -7
2 10 12 19 1
4 10 12 19 1
2 4 10 12 19 -1
11 12 19 -1
10 11 12 19 1
13 19 1
10 13 19 -1
12 13 19 -1
10 12 13 19 1
14 19 1
10 14 19 -1
12 14 19 -1
10 12 14 19 1
15 19 1
10 15 19 -1
12 15 19 -1
10 12 15 19 1
16 19 1
10 16 19 -1
12 16 19 -1
10 12 16 19 1
17 19 1
10 17 19 -1
12 17 19 -1
10 12 17 19 1
20 -27
2 20 7
3 20 1
2 3 20 -1
4 20 1
2 4 20 -1
5 20 7
2 5 20 -7
3 5 20 -1
2 3 5 20 1
4 5 20 -1
2 4 5 20 1
6 20 1
2 6 20 -1
5 6 20 -1
2 5 6 20 1
7 20 1
2 7 20 -1
5 7 20 -1
2 5 7 20 1
8 20 1
2 8 20 -1
5 8 20 -1
2 5 8 20 1
9 20 1
2 9 20 -1
5 9 20 -1
2 5 9 20 1
10 20 7
2 10 20 -1
5 10 20 -1
2 5 10 20 1
11 20 1
10 11 20 -1
12 20 1
10 12 20 -1
13 20 7
2 13 20 -1
5 13 20 -1
2 5 13 20 1
10 13 20 -7
2 10 13 20 1
5 10 13 20 1
2 5 10 13 20 -1
11 13 20 -1
10 11 13 20 1
12 13 20 -1
10 12 13 20 1
14 20 1
10 14 20 -1
13 14 20 -1
10 13 14 20 1
15 20 1
10 15 20 -1
13 15 20 -1
10 13 15 20 1
16 20 1
10 16 20 -1
13 16 20 -1
10 13 16 20 1
17 20 1
10 17 20 -1
13 17 20 -1
10 13 17 20 1
19 20 7
2 19 20 -1
4 19 20 -1
2 4 19 20 1
5 19 20 -1
2 5 19 20 1
4 5 19 20 1
2 4 5 19 20 -1
10 19 20 -1
12 19 20 -1
10 12 19 20 1
13 19 20 -1
10 13 19 20 1
12 13 19 20 1
10 12 13 19 20 -1
21 -21
2 21 6
3 21 1
2 3 21 -1
4 21 1
2 4 21 -1
5 21 1
2 5 21 -1
6 21 6
2 6 21 -6
3 6 21 -1
2 3 6 21 1
4 6 21 -1
2 4 6 21 1
5 6 21 -1
2 5 6 21 1
8 21 1
2 8 21 -1
6 8 21 -1
2 6 8 21 1
9 21 1
2 9 21 -1
6 9 21 -1
2 6 9 21 1
10 21 6
2 10 21 -1
6 10 21 -1
2 6 10 21 1
11 21 1
10 11 21 -1
12 21 1
10 12 21 -1
13 21 1
10 13 21 -1
14 21 6
2 14 21 -1
6 14 21 -1
2 6 14 21 1
10 14 21 -6
2 10 14 21 1
6 10 14 21 1
2 6 10 14 21 -1
11 14 21 -1
10 11 14 21 1
12 14 21 -1
10 12 14 21 1
13 14 21 -1
10 13 14 21 1
16 21 1
10 16 21 -1
14 16 21 -1
10 14 16 21 1
17 21 1
10 17 21 -1
14 17 21 -1
10 14 17 21 1
19 21 6
2 19 21 -1
4 19 21 -1
2 4 19 21 1
6 19 21 -1
2 6 19 21 1
4 6 19 21 1
2 4 6 19 21 -1
10 19 21 -1
12 19 21 -1
10 12 19 21 1
14 19 21 -1
10 14 19 21 1
12 14 19 21 1
10 12 14 19 21 -1
20 21 6
2 20 21 -1
5 20 21 -1
2 5 20 21 1
6 20 21 -1
2 6 20 21 1
5 6 20 21 1
2 5 6 20 21 -1
10 20 21 -1
13 20 21 -1
10 13 20 21 1
14 20 21 -1
10 14 20 21 1
13 14 20 21 1
10 13 14 20 21 -1
19 20 21 -1
22 -21
2 22 6
3 22 1
2 3 22 -1
4 22 1
2 4 22 -1
5 22 1
2 5 22 -1
7 22 6
2 7 22 -6
3 7 22 -1
2 3 7 22 1
4 7 22 -1
2 4 7 22 1
5 7 22 -1
2 5 7 22 1
8 22 1
2 8 22 -1
7 8 22 -1
2 7 8 22 1
9 22 1
2 9 22 -1
7 9 22 -1
2 7 9 22 1
10 22 6
2 10 22 -1
7 10 22 -1
2 7 10 22 1
11 22 1
10 11 22 -1
12 22 1
10 12 22 -1
13 22 1
10 13 22 -1
15 22 6
2 15 22 -1
7 15 22 -1
2 7 15 22 1
10 15 22 -6
2 10 15 22 1
7 10 15 22 1
2 7 10 15 22 -1
11 15 22 -1
10 11 15 22 1
12 15 22 -1
10 12 15 22 1
13 15 22 -1
10 13 15 22 1
16 22 1
10 16 22 -1
15 16 22 -1
10 15 16 22 1
17 22 1
10 17 22 -1
15 17 22 -1
10 15 17 22 1
19 22 6
2 19 22 -1
4 19 22 -1
2 4 19 22 1
7 19 22 -1
2 7 19 22 1
4 7 19 22 1
2 4 7 19 22 -1
10 19 22 -1
12 19 22 -1
10 12 19 22 1
15 19 22 -1
10 15 19 22 1
12 15 19 22 1
10 12 15 19 22 -1
20 22 6
2 20 22 -1
5 20 22 -1
2 5 20 22 1
7 20 22 -1
2 7 20 22 1
5 7 20 22 1
2 5 7 20 22 -1
10 20 22 -1
13 20 22 -1
10 13 20 22 1
15 20 22 -1
10 15 20 22 1
13 15 20 22 1
10 13 15 20 22 -1
19 20 22 -1
23 -27
2 23 7
3 23 1
2 3 23 -1
4 23 1
2 4 23 -1
5 23 1
2 5 23 -1
6 23 1
2 6 23 -1
7 23 1
2 7 23 -1
8 23 7
2 8 23 -7
3 8 23 -1
2 3 8 23 1
4 8 23 -1
2 4 8 23 1
5 8 23 -1
2 5 8 23 1
6 8 23 -1
2 6 8 23 1
7 8 23 -1
2 7 8 23 1
9 23 1
2 9 23 -1
8 9 23 -1
2 8 9 23 1
10 23 7
2 10 23 -1
8 10 23 -1
2 8 10 23 1
11 23 1
10 11 23 -1
12 23 1
10 12 23 -1
13 23 1
10 13 23 -1
14 23 1
10 14 23 -1
15 23 1
10 15 23 -1
16 23 7
2 16 23 -1
8 16 23 -1
2 8 16 23 1
10 16 23 -7
2 10 16 23 1
8 10 16 23 1
2 8 10 16 23 -1
11 16 23 -1
10 11 16 23 1
12 16 23 -1
10 12 16 23 1
13 16 23 -1
10 13 16 23 1
14 16 23 -1
10 14 16 23 1
15 16 23 -1
10 15 16 23 1
17 23 1
10 17 23 -1
16 17 23 -1
10 16 17 23 1
19 23 7
2 19 23 -1
4 19 23 -1
2 4 19 23 1
8 19 23 -1
2 8 19 23 1
4 8 19 23 1
2 4 8 19 23 -1
10 19 23 -1
12 19 23 -1
10 12 19 23 1
16 19 23 -1
10 16 19 23 1
12 16 19 23 1
10 12 16 19 23 -1
20 23 7
2 20 23 -1
5 20 23 -1
2 5 20 23 1
8 20 23 -1
2 8 20 23 1
5 8 20 23 1
2 5 8 20 23 -1
10 20 23 -1
13 20 23 -1
10 13 20 23 1
16 20 23 -1
10 16 20 23 1
13 16 20 23 1
10 13 16 20 23 -1
19 20 23 -1
21 23 6
2 21 23 -1
6 21 23 -1
2 6 21 23 1
8 21 23 -1
2 8 21 23 1
6 8 21 23 1
2 6 8 21 23 -1
10 21 23 -1
14 21 23 -1
10 14 21 23 1
16 21 23 -1
10 16 21 23 1
14 16 21 23 1
10 14 16 21 23 -1
19 21 23 -1
20 21 23 -1
22 23 6
2 22 23 -1
7 22 23 -1
2 7 22 23 1
8 22 23 -1
2 8 22 23 1
7 8 22 23 1
2 7 8 22 23 -1
10 22 23 -1
15 22 23 -1
10 15 22 23 1
16 22 23 -1
10 16 22 23 1
15 16 22 23 1
10 15 16 22 23 -1
19 22 23 -1
20 22 23 -1
24 -27
2 24 7
3 24 1
2 3 24 -1
4 24 1
2 4 24 -1
5 24 1
2 5 24 -1
6 24 1
2 6 24 -1
7 24 1
2 7 24 -1
8 24 1
2 8 24 -1
9 24 7
2 9 24 -7
3 9 24 -1
2 3 9 24 1
4 9 24 -1
2 4 9 24 1
5 9 24 -1
2 5 9 24 1
6 9 24 -1
2 6 9 24 1
7 9 24 -1
2 7 9 24 1
8 9 24 -1
2 8 9 24 1
10 24 7
2 10 24 -1
9 10 24 -1
2 9 10 24 1
11 24 1
10 11 24 -1
12 24 1
10 12 24 -1
13 24 1
10 13 24 -1
14 24 1
10 14 24 -1
15 24 1
10 15 24 -1
16 24 1
10 16 24 -1
17 24 7
2 17 24 -1
9 17 24 -1
2 9 17 24 1
10 17 24 -7
2 10 17 24 1
9 10 17 24 1
2 9 10 17 24 -1
11 17 24 -1
10 11 17 24 1
12 17 24 -1
10 12 17 24 1
13 17 24 -1
10 13 17 24 1
14 17 24 -1
10 14 17 24 1
15 17 24 -1
10 15 17 24 1
16 17 24 -1
10 16 17 24 1
19 24 7
2 19 24 -1
4 19 24 -1
2 4 19 24 1
9 19 24 -1
2 9 19 24 1
4 9 19 24 1
2 4 9 19 24 -1
10 19 24 -1
12 19 24 -1
10 12 19 24 1
17 19 24 -1
10 17 19 24 1
12 17 19 24 1
10 12 17 19 24 -1
20 24 7
2 20 24 -1
5 20 24 -1
2 5 20 24 1
9 20 24 -1
2 9 20 24 1
5 9 20 24 1
2 5 9 20 24 -1
10 20 24 -1
13 20 24 -1
10 13 20 24 1
17 20 24 -1
10 17 20 24 1
13 17 20 24 1
10 13 17 20 24 -1
19 20 24 -1
21 24 6
2 21 24 -1
6 21 24 -1
2 6 21 24 1
9 21 24 -1
2 9 21 24 1
6 9 21 24 1
2 6 9 21 24 -1
10 21 24 -1
14 21 24 -1
10 14 21 24 1
17 21 24 -1
10 17 21 24 1
14 17 21 24 1
10 14 17 21 24 -1
19 21 24 -1
20 21 24 -1
22 24 6
2 22 24 -1
7 22 24 -1
2 7 22 24 1
9 22 24 -1
2 9 22 24 1
7 9 22 24 1
2 7 9 22 24 -1
10 22 24 -1
15 22 24 -1
10 15 22 24 1
17 22 24 -1
10 17 22 24 1
15 17 22 24 1
10 15 17 22 24 -1
19 22 24 -1
20 22 24 -1
23 24 7
2 23 24 -1
8 23 24 -1
2 8 23 24 1
9 23 24 -1
2 9 23 24 1
8 9 23 24 1
2 8 9 23 24 -1
10 23 24 -1
16 23 24 -1
10 16 23 24 1
17 23 24 -1
10 17 23 24 1
16 17 23 24 1
10 16 17 23 24 -1
19 23 24 -1
20 23 24 -1
21 23 24 -1
22 23 24 -1
25 -27
2 25 1
3 25 7
2 3 25 -1
4 25 7
2 4 25 -1
3 4 25 -7
2 3 4 25 1
5 25 1
3 5 25 -1
4 5 25 -1
3 4 5 25 1
6 25 1
3 6 25 -1
4 6 25 -1
3 4 6 25 1
7 25 1
3 7 25 -1
4 7 25 -1
3 4 7 25 1
8 25 1
3 8 25 -1
4 8 25 -1
3 4 8 25 1
9 25 1
3 9 25 -1
4 9 25 -1
3 4 9 25 1
10 25 1
11 25 7
3 11 25 -1
4 11 25 -1
3 4 11 25 1
10 11 25 -1
12 25 7
3 12 25 -1
4 12 25 -1
3 4 12 25 1
10 12 25 -1
11 12 25 -7
3 11 12 25 1
4 11 12 25 1
3 4 11 12 25 -1
10 11 12 25 1
13 25 1
11 13 25 -1
12 13 25 -1
11 12 13 25 1
14 25 1
11 14 25 -1
12 14 25 -1
11 12 14 25 1
15 25 1
11 15 25 -1
12 15 25 -1
11 12 15 25 1
16 25 1
11 16 25 -1
12 16 25 -1
11 12 16 25 1
17 25 1
11 17 25 -1
12 17 25 -1
11 12 17 25 1
19 25 7
2 19 25 -1
3 19 25 -1
2 3 19 25 1
4 19 25 -1
2 4 19 25 1
3 4 19 25 1
2 3 4 19 25 -1
10 19 25 -1
11 19 25 -1
10 11 19 25 1
12 19 25 -1
10 12 19 25 1
11 12 19 25 1
10 11 12 19 25 -1
20 25 1
19 20 25 -1
21 25 1
19 21 25 -1
22 25 1
19 22 25 -1
23 25 1
19 23 25 -1
24 25 1
19 24 25 -1
26 -27
2 26 1
3 26 7
2 3 26 -1
4 26 1
3 4 26 -1
5 26 7
2 5 26 -1
3 5 26 -7
2 3 5 26 1
4 5 26 -1
3 4 5 26 1
6 26 1
3 6 26 -1
5 6 26 -1
3 5 6 26 1
7 26 1
3 7 26 -1
5 7 26 -1
3 5 7 26 1
8 26 1
3 8 26 -1
5 8 26 -1
3 5 8 26 1
9 26 1
3 9 26 -1
5 9 26 -1
3 5 9 26 1
10 26 1
11 26 7
3 11 26 -1
5 11 26 -1
3 5 11 26 1
10 11 26 -1
12 26 1
11 12 26 -1
13 26 7
3 13 26 -1
5 13 26 -1
3 5 13 26 1
10 13 26 -1
11 13 26 -7
3 11 13 26 1
5 11 13 26 1
3 5 11 13 26 -1
10 11 13 26 1
12 13 26 -1
11 12 13 26 1
14 26 1
11 14 26 -1
13 14 26 -1
11 13 14 26 1
15 26 1
11 15 26 -1
13 15 26 -1
11 13 15 26 1
16 26 1
11 16 26 -1
13 16 26 -1
11 13 16 26 1
17 26 1
11 17 26 -1
13 17 26 -1
11 13 17 26 1
19 26 1
20 26 7
2 20 26 -1
3 20 26 -1
2 3 20 26 1
5 20 26 -1
2 5 20 26 1
3 5 20 26 1
2 3 5 20 26 -1
10 20 26 -1
11 20 26 -1
10 11 20 26 1
13 20 26 -1
10 13 20 26 1
11 13 20 26 1
10 11 13 20 26 -1
19 20 26 -1
21 26 1
20 21 26 -1
22 26 1
20 22 26 -1
23 26 1
20 23 26 -1
24 26 1
20 24 26 -1
25 26 7
3 25 26 -1
4 25 26 -1
3 4 25 26 1
5 25 26 -1
3 5 25 26 1
4 5 25 26 1
3 4 5 25 26 -1
11 25 26 -1
12 25 26 -1
11 12 25 26 1
13 25 26 -1
11 13 25 26 1
12 13 25 26 1
11 12 13 25 26 -1
19 25 26 -1
20 25 26 -1
19 20 25 26 1
27 -21
2 27 1
3 27 6
2 3 27 -1
4 27 1
3 4 27 -1
5 27 1
3 5 27 -1
6 27 6
2 6 27 -1
3 6 27 -6
2 3 6 27 1
4 6 27 -1
3 4 6 27 1
5 6 27 -1
3 5 6 27 1
8 27 1
3 8 27 -1
6 8 27 -1
3 6 8 27 1
9 27 1
3 9 27 -1
6 9 27 -1
3 6 9 27 1
10 27 1
11 27 6
3 11 27 -1
6 11 27 -1
3 6 11 27 1
10 11 27 -1
12 27 1
11 12 27 -1
13 27 1
11 13 27 -1
14 27 6
3 14 27 -1
6 14 27 -1
3 6 14 27 1
10 14 27 -1
11 14 27 -6
3 11 14 27 1
6 11 14 27 1
3 6 11 14 27 -1
10 11 14 27 1
12 14 27 -1
11 12 14 27 1
13 14 27 -1
11 13 14 27 1
16 27 1
11 16 27 -1
14 16 27 -1
11 14 16 27 1
17 27 1
11 17 27 -1
14 17 27 -1
11 14 17 27 1
19 27 1
20 27 1
21 27 6
2 21 27 -1
3 21 27 -1
2 3 21 27 1
6 21 27 -1
2 6 21 27 1
3 6 21 27 1
2 3 6 21 27 -1
10 21 27 -1
11 21 27 -1
10 11 21 27 1
14 21 27 -1
10 14 21 27 1
11 14 21 27 1
10 11 14 21 27 -1
19 21 27 -1
20 21 27 -1
23 27 1
21 23 27 -1
24 27 1
21 24 27 -1
25 27 6
3 25 27 -1
4 25 27 -1
3 4 25 27 1
6 25 27 -1
3 6 25 27 1
4 6 25 27 1
3 4 6 25 27 -1
11 25 27 -1
12 25 27 -1
11 12 25 27 1
14 25 27 -1
11 14 25 27 1
12 14 25 27 1
11 12 14 25 27 -1
19 25 27 -1
21 25 27 -1
19 21 25 27 1
26 27 6
3 26 27 -1
5 26 27 -1
3 5 26 27 1
6 26 27 -1
3 6 26 27 1
5 6 26 27 1
3 5 6 26 27 -1
11 26 27 -1
13 26 27 -1
11 13 26 27 1
14 26 27 -1
11 14 26 27 1
13 14 26 27 1
11 13 14 26 27 -1
20 26 27 -1
21 26 27 -1
20 21 26 27 1
25 26 27 -1
28 -21
2 28 1
3 28 6
2 3 28 -1
4 28 1
3 4 28 -1
5 28 1
3 5 28 -1
7 28 6
2 7 28 -1
3 7 28 -6
2 3 7 28 1
4 7 28 -1
3 4 7 28 1
5 7 28 -1
3 5 7 28 1
8 28 1
3 8 28 -1
7 8 28 -1
3 7 8 28 1
9 28 1
3 9 28 -1
7 9 28 -1
3 7 9 28 1
10 28 1
11 28 6
3 11 28 -1
7 11 28 -1
3 7 11 28 1
10 11 28 -1
12 28 1
11 12 28 -1
13 28 1
11 13 28 -1
15 28 6
3 15 28 -1
7 15 28 -1
3 7 15 28 1
10 15 28 -1
11 15 28 -6
3 11 15 28 1
7 11 15 28 1
3 7 11 15 28 -1
10 11 15 28 1
12 15 28 -1
11 12 15 28 1
13 15 28 -1
11 13 15 28 1
16 28 1
11 16 28 -1
15 16 28 -1
11 15 16 28 1
17 28 1
11 17 28 -1
15 17 28 -1
11 15 17 28 1
19 28 1
20 28 1
22 28 6
2 22 28 -1
3 22 28 -1
2 3 22 28 1
7 22 28 -1
2 7 22 28 1
3 7 22 28 1
2 3 7 22 28 -1
10 22 28 -1
11 22 28 -1
10 11 22 28 1
15 22 28 -1
10 15 22 28 1
11 15 22 28 1
10 11 15 22 28 -1
19 22 28 -1
20 22 28 -1
23 28 1
22 23 28 -1
24 28 1
22 24 28 -1
25 28 6
3 25 28 -1
4 25 28 -1
3 4 25 28 1
7 25 28 -1
3 7 25 28 1
4 7 25 28 1
3 4 7 25 28 -1
11 25 28 -1
12 25 28 -1
11 12 25 28 1
15 25 28 -1
11 15 25 28 1
12 15 25 28 1
11 12 15 25 28 -1
19 25 28 -1
22 25 28 -1
19 22 25 28 1
26 28 6
3 26 28 -1
5 26 28 -1
3 5 26 28 1
7 26 28 -1
3 7 26 28 1
5 7 26 28 1
3 5 7 26 28 -1
11 26 28 -1
13 26 28 -1
11 13 26 28 1
15 26 28 -1
11 15 26 28 1
13 15 26 28 1
11 13 15 26 28 -1
20 26 28 -1
22 26 28 -1
20 22 26 28 1
25 26 28 -1
29 -27
2 29 1
3 29 7
2 3 29 -1
4 29 1
3 4 29 -1
5 29 1
3 5 29 -1
6 29 1
3 6 29 -1
7 29 1
3 7 29 -1
8 29 7
2 8 29 -1
3 8 29 -7
2 3 8 29 1
4 8 29 -1
3 4 8 29 1
5 8 29 -1
3 5 8 29 1
6 8 29 -1
3 6 8 29 1
7 8 29 -1
3 7 8 29 1
9 29 1
3 9 29 -1
8 9 29 -1
3 8 9 29 1
10 29 1
11 29 7
3 11 29 -1
8 11 29 -1
3 8 11 29 1
10 11 29 -1
12 29 1
11 12 29 -1
13 29 1
11 13 29 -1
14 29 1
11 14 29 -1
15 29 1
11 15 29 -1
16 29 7
3 16 29 -1
8 16 29 -1
3 8 16 29 1
10 16 29 -1
11 16 29 -7
3 11 16 29 1
8 11 16 29 1
3 8 11 16 29 -1
10 11 16 29 1
12 16 29 -1
11 12 16 29 1
13 16 29 -1
11 13 16 29 1
14 16 29 -1
11 14 16 29 1
15 16 29 -1
11 15 16 29 1
17 29 1
11 17 29 -1
16 17 29 -1
11 16 17 29 1
19 29 1
20 29 1
21 29 1
22 29 1
23 29 7
2 23 29 -1
3 23 29 -1
2 3 23 29 1
8 23 29 -1
2 8 23 29 1
3 8 23 29 1
2 3 8 23 29 -1
10 23 29 -1
11 23 29 -1
10 11 23 29 1
16 23 29 -1
10 16 23 29 1
11 16 23 29 1
10 11 16 23 29 -1
19 23 29 -1
20 23 29 -1
21 23 29 -1
22 23 29 -1
24 29 1
23 24 29 -1
25 29 7
3 25 29 -1
4 25 29 -1
3 4 25 29 1
8 25 29 -1
3 8 25 29 1
4 8 25 29 1
3 4 8 25 29 -1
11 25 29 -1
12 25 29 -1
11 12 25 29 1
16 25 29 -1
11 16 25 29 1
12 16 25 29 1
11 12 16 25 29 -1
19 25 29 -1
23 25 29 -1
19 23 25 29 1
26 29 7
3 26 29 -1
5 26 29 -1
3 5 26 29 1
8 26 29 -1
3 8 26 29 1
5 8 26 29 1
3 5 8 26 29 -1
11 26 29 -1
13 26 29 -1
11 13 26 29 1
16 26 29 -1
11 16 26 29 1
13 16 26 29 1
11 13 16 26 29 -1
20 26 29 -1
23 26 29 -1
20 23 26 29 1
25 26 29 -1
27 29 6
3 27 29 -1
6 27 29 -1
3 6 27 29 1
8 27 29 -1
3 8 27 29 1
6 8 27 29 1
3 6 8 27 29 -1
11 27 29 -1
14 27 29 -1
11 14 27 29 1
16 27 29 -1
11 16 27 29 1
14 16 27 29 1
11 14 16 27 29 -1
21 27 29 -1
23 27 29 -1
21 23 27 29 1
25 27 29 -1
26 27 29 -1
28 29 6
3 28 29 -1
7 28 29 -1
3 7 28 29 1
8 28 29 -1
3 8 28 29 1
7 8 28 29 1
3 7 8 28 29 -1
11 28 29 -1
15 28 29 -1
11 15 28 29 1
16 28 29 -1
11 16 28 29 1
15 16 28 29 1
11 15 16 28 29 -1
22 28 29 -1
23 28 29 -1
22 23 28 29 1
25 28 29 -1
26 28 29 -1
30 -27
2 30 1
3 30 7
2 3 30 -1
4 30 1
3 4 30 -1
5 30 1
3 5 30 -1
6 30 1
3 6 30 -1
7 30 1
3 7 30 -1
8 30 1
3 8 30 -1
9 30 7
2 9 30 -1
3 9 30 -7
2 3 9 30 1
4 9 30 -1
3 4 9 30 1
5 9 30 -1
3 5 9 30 1
6 9 30 -1
3 6 9 30 1
7 9 30 -1
3 7 9 30 1
8 9 30 -1
3 8 9 30 1
10 30 1
11 30 7
3 11 30 -1
9 11 30 -1
3 9 11 30 1
10 11 30 -1
12 30 1
11 12 30 -1
13 30 1
11 13 30 -1
14 30 1
11 14 30 -1
15 30 1
11 15 30 -1
16 30 1
11 16 30 -1
17 30 7
3 17 30 -1
9 17 30 -1
3 9 17 30 1
10 17 30 -1
11 17 30 -7
3 11 17 30 1
9 11 17 30 1
3 9 11 17 30 -1
10 11 17 30 1
12 17 30 -1
11 12 17 30 1
13 17 30 -1
11 13 17 30 1
14 17 30 -1
11 14 17 30 1
15 17 30 -1
11 15 17 30 1
16 17 30 -1
11 16 17 30 1
19 30 1
20 30 1
21 30 1
22 30 1
23 30 1
24 30 7
2 24 30 -1
3 24 30 -1
2 3 24 30 1
9 24 30 -1
2 9 24 30 1
3 9 24 30 1
2 3 9 24 30 -1
10 24 30 -1
11 24 30 -1
10 11 24 30 1
17 24 30 -1
10 17 24 30 1
11 17 24 30 1
10 11 17 24 30 -1
19 24 30 -1
20 24 30 -1
21 24 30 -1
22 24 30 -1
23 24 30 -1
25 30 7
3 25 30 -1
4 25 30 -1
3 4 25 30 1
9 25 30 -1
3 9 25 30 1
4 9 25 30 1
3 4 9 25 30 -1
11 25 30 -1
12 25 30 -1
11 12 25 30 1
17 25 30 -1
11 17 25 30 1
12 17 25 30 1
11 12 17 25 30 -1
19 25 30 -1
24 25 30 -1
19 24 25 30 1
26 30 7
3 26 30 -1
5 26 30 -1
3 5 26 30 1
9 26 30 -1
3 9 26 30 1
5 9 26 30 1
3 5 9 26 30 -1
11 26 30 -1
13 26 30 -1
11 13 26 30 1
17 26 30 -1
11 17 26 30 1
13 17 26 30 1
11 13 17 26 30 -1
20 26 30 -1
24 26 30 -1
20 24 26 30 1
25 26 30 -1
27 30 6
3 27 30 -1
6 27 30 -1
3 6 27 30 1
9 27 30 -1
3 9 27 30 1
6 9 27 30 1
3 6 9 27 30 -1
11 27 30 -1
14 27 30 -1
11 14 27 30 1
17 27 30 -1
11 17 27 30 1
14 17 27 30 1
11 14 17 27 30 -1
21 27 30 -1
24 27 30 -1
21 24 27 30 1
25 27 30 -1
26 27 30 -1
28 30 6
3 28 30 -1
7 28 30 -1
3 7 28 30 1
9 28 30 -1
3 9 28 30 1
7 9 28 30 1
3 7 9 28 30 -1
11 28 30 -1
15 28 30 -1
11 15 28 30 1
17 28 30 -1
11 17 28 30 1
15 17 28 30 1
11 15 17 28 30 -1
22 28 30 -1
24 28 30 -1
22 24 28 30 1
25 28 30 -1
26 28 30 -1
29 30 7
3 29 30 -1
8 29 30 -1
3 8 29 30 1
9 29 30 -1
3 9 29 30 1
8 9 29 30 1
3 8 9 29 30 -1
11 29 30 -1
16 29 30 -1
11 16 29 30 1
17 29 30 -1
11 17 29 30 1
16 17 29 30 1
11 16 17 29 30 -1
23 29 30 -1
24 29 30 -1
23 24 29 30 1
25 29 30 -1
26 29 30 -1
27 29 30 -1
28 29 30 -1
32 -21
2 32 1
3 32 1
4 32 6
2 4 32 -1
3 4 32 -1
5 32 1
4 5 32 -1
6 32 6
2 6 32 -1
3 6 32 -1
4 6 32 -6
2 4 6 32 1
3 4 6 32 1
5 6 32 -1
4 5 6 32 1
8 32 1
4 8 32 -1
6 8 32 -1
4 6 8 32 1
9 32 1
4 9 32 -1
6 9 32 -1
4 6 9 32 1
10 32 1
11 32 1
12 32 6
4 12 32 -1
6 12 32 -1
4 6 12 32 1
10 12 32 -1
11 12 32 -1
13 32 1
12 13 32 -1
14 32 6
4 14 32 -1
6 14 32 -1
4 6 14 32 1
10 14 32 -1
11 14 32 -1
12 14 32 -6
4 12 14 32 1
6 12 14 32 1
4 6 12 14 32 -1
10 12 14 32 1
11 12 14 32 1
13 14 32 -1
12 13 14 32 1
16 32 1
12 16 32 -1
14 16 32 -1
12 14 16 32 1
17 32 1
12 17 32 -1
14 17 32 -1
12 14 17 32 1
19 32 6
2 19 32 -1
4 19 32 -1
2 4 19 32 1
6 19 32 -1
2 6 19 32 1
4 6 19 32 1
2 4 6 19 32 -1
10 19 32 -1
12 19 32 -1
10 12 19 32 1
14 19 32 -1
10 14 19 32 1
12 14 19 32 1
10 12 14 19 32 -1
20 32 1
19 20 32 -1
21 32 6
2 21 32 -1
4 21 32 -1
2 4 21 32 1
6 21 32 -1
2 6 21 32 1
4 6 21 32 1
2 4 6 21 32 -1
10 21 32 -1
12 21 32 -1
10 12 21 32 1
14 21 32 -1
10 14 21 32 1
12 14 21 32 1
10 12 14 21 32 -1
19 21 32 -6
2 19 21 32 1
4 19 21 32 1
2 4 19 21 32 -1
6 19 21 32 1
2 6 19 21 32 -1
4 6 19 21 32 -1
2 4 6 19 21 32 1
10 19 21 32 1
12 19 21 32 1
10 12 19 21 32 -1
14 19 21 32 1
10 14 19 21 32 -1
12 14 19 21 32 -1
10 12 14 19 21 32 1
20 21 32 -1
19 20 21 32 1
23 32 1
19 23 32 -1
21 23 32 -1
19 21 23 32 1
24 32 1
19 24 32 -1
21 24 32 -1
19 21 24 32 1
25 32 6
3 25 32 -1
4 25 32 -1
3 4 25 32 1
6 25 32 -1
3 6 25 32 1
4 6 25 32 1
3 4 6 25 32 -1
11 25 32 -1
12 25 32 -1
11 12 25 32 1
14 25 32 -1
11 14 25 32 1
12 14 25 32 1
11 12 14 25 32 -1
19 25 32 -1
21 25 32 -1
19 21 25 32 1
26 32 1
25 26 32 -1
27 32 6
3 27 32 -1
4 27 32 -1
3 4 27 32 1
6 27 32 -1
3 6 27 32 1
4 6 27 32 1
3 4 6 27 32 -1
11 27 32 -1
12 27 32 -1
11 12 27 32 1
14 27 32 -1
11 14 27 32 1
12 14 27 32 1
11 12 14 27 32 -1
19 27 32 -1
21 27 32 -1
19 21 27 32 1
25 27 32 -6
3 25 27 32 1
4 25 27 32 1
3 4 25 27 32 -1
6 25 27 32 1
3 6 25 27 32 -1
4 6 25 27 32 -1
3 4 6 25 27 32 1
11 25 27 32 1
12 25 27 32 1
11 12 25 27 32 -1
14 25 27 32 1
11 14 25 27 32 -1
12 14 25 27 32 -1
11 12 14 25 27 32 1
19 25 27 32 1
21 25 27 32 1
19 21 25 27 32 -1
26 27 32 -1
25 26 27 32 1
29 32 1
25 29 32 -1
27 29 32 -1
25 27 29 32 1
30 32 1
25 30 32 -1
27 30 32 -1
25 27 30 32 1
33 -21
2 33 1
3 33 1
4 33 6
2 4 33 -1
3 4 33 -1
5 33 1
4 5 33 -1
7 33 6
2 7 33 -1
3 7 33 -1
4 7 33 -6
2 4 7 33 1
3 4 7 33 1
5 7 33 -1
4 5 7 33 1
8 33 1
4 8 33 -1
7 8 33 -1
4 7 8 33 1
9 33 1
4 9 33 -1
7 9 33 -1
4 7 9 33 1
10 33 1
11 33 1
12 33 6
4 12 33 -1
7 12 33 -1
4 7 12 33 1
10 12 33 -1
11 12 33 -1
13 33 1
12 13 33 -1
15 33 6
4 15 33 -1
7 15 33 -1
4 7 15 33 1
10 15 33 -1
11 15 33 -1
12 15 33 -6
4 12 15 33 1
7 12 15 33 1
4 7 12 15 33 -1
10 12 15 33 1
11 12 15 33 1
13 15 33 -1
12 13 15 33 1
16 33 1
12 16 33 -1
15 16 33 -1
12 15 16 33 1
17 33 1
12 17 33 -1
15 17 33 -1
12 15 17 33 1
19 33 6
2 19 33 -1
4 19 33 -1
2 4 19 33 1
7 19 33 -1
2 7 19 33 1
4 7 19 33 1
2 4 7 19 33 -1
10 19 33 -1
12 19 33 -1
10 12 19 33 1
15 19 33 -1
10 15 19 33 1
12 15 19 33 1
10 12 15 19 33 -1
20 33 1
19 20 33 -1
22 33 6
2 22 33 -1
4 22 33 -1
2 4 22 33 1
7 22 33 -1
2 7 22 33 1
4 7 22 33 1
2 4 7 22 33 -1
10 22 33 -1
12 22 33 -1
10 12 22 33 1
15 22 33 -1
10 15 22 33 1
12 15 22 33 1
10 12 15 22 33 -1
19 22 33 -6
2 19 22 33 1
4 19 22 33 1
2 4 19 22 33 -1
7 19 22 33 1
2 7 19 22 33 -1
4 7 19 22 33 -1
2 4 7 19 22 33 1
10 19 22 33 1
12 19 22 33 1
10 12 19 22 33 -1
15 19 22 33 1
10 15 19 22 33 -1
12 15 19 22 33 -1
10 12 15 19 22 33 1
20 22 33 -1
19 20 22 33 1
23 33 1
19 23 33 -1
22 23 33 -1
19 22 23 33 1
24 33 1
19 24 33 -1
22 24 33 -1
19 22 24 33 1
25 33 6
3 25 33 -1
4 25 33 -1
3 4 25 33 1
7 25 33 -1
3 7 25 33 1
4 7 25 33 1
3 4 7 25 33 -1
11 25 33 -1
12 25 33 -1
11 12 25 33 1
15 25 33 -1
11 15 25 33 1
12 15 25 33 1
11 12 15 25 33 -1
19 25 33 -1
22 25 33 -1
19 22 25 33 1
26 33 1
25 26 33 -1
28 33 6
3 28 33 -1
4 28 33 -1
3 4 28 33 1
7 28 33 -1
3 7 28 33 1
4 7 28 33 1
3 4 7 28 33 -1
11 28 33 -1
12 28 33 -1
11 12 28 33 1
15 28 33 -1
11 15 28 33 1
12 15 28 33 1
11 12 15 28 33 -1
19 28 33 -1
22 28 33 -1
19 22 28 33 1
25 28 33 -6
3 25 28 33 1
4 25 28 33 1
3 4 25 28 33 -1
7 25 28 33 1
3 7 25 28 33 -1
4 7 25 28 33 -1
3 4 7 25 28 33 1
11 25 28 33 1
12 25 28 33 1
11 12 25 28 33 -1
15 25 28 33 1
11 15 25 28 33 -1
12 15 25 28 33 -1
11 12 15 25 28 33 1
19 25 28 33 1
22 25 28 33 1
19 22 25 28 33 -1
26 28 33 -1
25 26 28 33 1
29 33 1
25 29 33 -1
28 29 33 -1
25 28 29 33 1
30 33 1
25 30 33 -1
28 30 33 -1
25 28 30 33 1
2 4 6 7 19 21 22 32 33 1
10 12 14 15 19 21 22 32 33 1
3 4 6 7 25 27 28 32 33 1
11 12 14 15 25 27 28 32 33 1
34 -27
2 34 1
3 34 1
4 34 7
2 4 34 -1
3 4 34 -1
5 34 1
4 5 34 -1
6 34 1
4 6 34 -1
7 34 1
4 7 34 -1
8 34 7
2 8 34 -1
3 8 34 -1
4 8 34 -7
2 4 8 34 1
3 4 8 34 1
5 8 34 -1
4 5 8 34 1
6 8 34 -1
4 6 8 34 1
7 8 34 -1
4 7 8 34 1
9 34 1
4 9 34 -1
8 9 34 -1
4 8 9 34 1
10 34 1
11 34 1
12 34 7
4 12 34 -1
8 12 34 -1
4 8 12 34 1
10 12 34 -1
11 12 34 -1
13 34 1
12 13 34 -1
14 34 1
12 14 34 -1
15 34 1
12 15 34 -1
16 34 7
4 16 34 -1
8 16 34 -1
4 8 16 34 1
10 16 34 -1
11 16 34 -1
12 16 34 -7
4 12 16 34 1
8 12 16 34 1
4 8 12 16 34 -1
10 12 16 34 1
11 12 16 34 1
13 16 34 -1
12 13 16 34 1
14 16 34 -1
12 14 16 34 1
15 16 34 -1
12 15 16 34 1
17 34 1
12 17 34 -1
16 17 34 -1
12 16 17 34 1
19 34 7
2 19 34 -1
4 19 34 -1
2 4 19 34 1
8 19 34 -1
2 8 19 34 1
4 8 19 34 1
2 4 8 19 34 -1
10 19 34 -1
12 19 34 -1
10 12 19 34 1
16 19 34 -1
10 16 19 34 1
12 16 19 34 1
10 12 16 19 34 -1
20 34 1
19 20 34 -1
21 34 1
19 21 34 -1
22 34 1
19 22 34 -1
23 34 7
2 23 34 -1
4 23 34 -1
2 4 23 34 1
8 23 34 -1
2 8 23 34 1
4 8 23 34 1
2 4 8 23 34 -1
10 23 34 -1
12 23 34 -1
10 12 23 34 1
16 23 34 -1
10 16 23 34 1
12 16 23 34 1
10 12 16 23 34 -1
19 23 34 -7
2 19 23 34 1
4 19 23 34 1
2 4 19 23 34 -1
8 19 23 34 1
2 8 19 23 34 -1
4 8 19 23 34 -1
2 4 8 19 23 34 1
10 19 23 34 1
12 19 23 34 1
10 12 19 23 34 -1
16 19 23 34 1
10 16 19 23 34 -1
12 16 19 23 34 -1
10 12 16 19 23 34 1
20 23 34 -1
19 20 23 34 1
21 23 34 -1
19 21 23 34 1
22 23 34 -1
19 22 23 34 1
24 34 1
19 24 34 -1
23 24 34 -1
19 23 24 34 1
25 34 7
3 25 34 -1
4 25 34 -1
3 4 25 34 1
8 25 34 -1
3 8 25 34 1
4 8 25 34 1
3 4 8 25 34 -1
11 25 34 -1
12 25 34 -1
11 12 25 34 1
16 25 34 -1
11 16 25 34 1
12 16 25 34 1
11 12 16 25 34 -1
19 25 34 -1
23 25 34 -1
19 23 25 34 1
26 34 1
25 26 34 -1
27 34 1
25 27 34 -1
28 34 1
25 28 34 -1
29 34 7
3 29 34 -1
4 29 34 -1
3 4 29 34 1
8 29 34 -1
3 8 29 34 1
4 8 29 34 1
3 4 8 29 34 -1
11 29 34 -1
12 29 34 -1
11 12 29 34 1
16 29 34 -1
11 16 29 34 1
12 16 29 34 1
11 12 16 29 34 -1
19 29 34 -1
23 29 34 -1
19 23 29 34 1
25 29 34 -7
3 25 29 34 1
4 25 29 34 1
3 4 25 29 34 -1
8 25 29 34 1
3 8 25 29 34 -1
4 8 25 29 34 -1
3 4 8 25 29 34 1
11 25 29 34 1
12 25 29 34 1
11 12 25 29 34 -1
16 25 29 34 1
11 16 25 29 34 -1
12 16 25 29 34 -1
11 12 16 25 29 34 1
19 25 29 34 1
23 25 29 34 1
19 23 25 29 34 -1
26 29 34 -1
25 26 29 34 1
27 29 34 -1
25 27 29 34 1
28 29 34 -1
25 28 29 34 1
30 34 1
25 30 34 -1
29 30 34 -1
25 29 30 34 1
32 34 6
4 32 34 -1
6 32 34 -1
4 6 32 34 1
8 32 34 -1
4 8 32 34 1
6 8 32 34 1
4 6 8 32 34 -1
12 32 34 -1
14 32 34 -1
12 14 32 34 1
16 32 34 -1
12 16 32 34 1
14 16 32 34 1
12 14 16 32 34 -1
19 32 34 -1
21 32 34 -1
19 21 32 34 1
23 32 34 -1
19 23 32 34 1
21 23 32 34 1
19 21 23 32 34 -1
25 32 34 -1
27 32 34 -1
25 27 32 34 1
29 32 34 -1
25 29 32 34 1
27 29 32 34 1
25 27 29 32 34 -1
33 34 6
4 33 34 -1
7 33 34 -1
4 7 33 34 1
8 33 34 -1
4 8 33 34 1
7 8 33 34 1
4 7 8 33 34 -1
12 33 34 -1
15 33 34 -1
12 15 33 34 1
16 33 34 -1
12 16 33 34 1
15 16 33 34 1
12 15 16 33 34 -1
19 33 34 -1
22 33 34 -1
19 22 33 34 1
23 33 34 -1
19 23 33 34 1
22 23 33 34 1
19 22 23 33 34 -1
25 33 34 -1
28 33 34 -1
25 28 33 34 1
29 33 34 -1
25 29 33 34 1
28 29 33 34 1
25 28 29 33 34 -1
35 -27
2 35 1
3 35 1
4 35 7
2 4 35 -1
3 4 35 -1
5 35 1
4 5 35 -1
6 35 1
4 6 35 -1
7 35 1
4 7 35 -1
8 35 1
4 8 35 -1
9 35 7
2 9 35 -1
3 9 35 -1
4 9 35 -7
2 4 9 35 1
3 4 9 35 1
5 9 35 -1
4 5 9 35 1
6 9 35 -1
4 6 9 35 1
7 9 35 -1
4 7 9 35 1
8 9 35 -1
4 8 9 35 1
10 35 1
11 35 1
12 35 7
4 12 35 -1
9 12 35 -1
4 9 12 35 1
10 12 35 -1
11 12 35 -1
13 35 1
12 13 35 -1
14 35 1
12 14 35 -1
15 35 1
12 15 35 -1
16 35 1
12 16 35 -1
17 35 7
4 17 35 -1
9 17 35 -1
4 9 17 35 1
10 17 35 -1
11 17 35 -1
12 17 35 -7
4 12 17 35 1
9 12 17 35 1
4 9 12 17 35 -1
10 12 17 35 1
11 12 17 35 1
13 17 35 -1
12 13 17 35 1
14 17 35 -1
12 14 17 35 1
15 17 35 -1
12 15 17 35 1
16 17 35 -1
12 16 17 35 1
19 35 7
2 19 35 -1
4 19 35 -1
2 4 19 35 1
9 19 35 -1
2 9 19 35 1
4 9 19 35 1
2 4 9 19 35 -1
10 19 35 -1
12 19 35 -1
10 12 19 35 1
17 19 35 -1
10 17 19 35 1
12 17 19 35 1
10 12 17 19 35 -1
20 35 1
19 20 35 -1
21 35 1
19 21 35 -1
22 35 1
19 22 35 -1
23 35 1
19 23 35 -1
24 35 7
2 24 35 -1
4 24 35 -1
2 4 24 35 1
9 24 35 -1
2 9 24 35 1
4 9 24 35 1
2 4 9 24 35 -1
10 24 35 -1
12 24 35 -1
10 12 24 35 1
17 24 35 -1
10 17 24 35 1
12 17 24 35 1
10 12 17 24 35 -1
19 24 35 -7
2 19 24 35 1
4 19 24 35 1
2 4 19 24 35 -1
9 19 24 35 1
2 9 19 24 35 -1
4 9 19 24 35 -1
2 4 9 19 24 35 1
10 19 24 35 1
12 19 24 35 1
10 12 19 24 35 -1
17 19 24 35 1
10 17 19 24 35 -1
12 17 19 24 35 -1
10 12 17 19 24 35 1
20 24 35 -1
19 20 24 35 1
21 24 35 -1
19 21 24 35 1
22 24 35 -1
19 22 24 35 1
23 24 35 -1
19 23 24 35 1
25 35 7
3 25 35 -1
4 25 35 -1
3 4 25 35 1
9 25 35 -1
3 9 25 35 1
4 9 25 35 1
3 4 9 25 35 -1
11 25 35 -1
12 25 35 -1
11 12 25 35 1
17 25 35 -1
11 17 25 35 1
12 17 25 35 1
11 12 17 25 35 -1
19 25 35 -1
24 25 35 -1
19 24 25 35 1
26 35 1
25 26 35 -1
27 35 1
25 27 35 -1
28 35 1
25 28 35 -1
29 35 1
25 29 35 -1
30 35 7
3 30 35 -1
4 30 35 -1
3 4 30 35 1
9 30 35 -1
3 9 30 35 1
4 9 30 35 1
3 4 9 30 35 -1
11 30 35 -1
12 30 35 -1
11 12 30 35 1
17 30 35 -1
11 17 30 35 1
12 17 30 35 1
11 12 17 30 35 -1
19 30 35 -1
24 30 35 -1
19 24 30 35 1
25 30 35 -7
3 25 30 35 1
4 25 30 35 1
3 4 25 30 35 -1
9 25 30 35 1
3 9 25 30 35 -1
4 9 25 30 35 -1
3 4 9 25 30 35 1
11 25 30 35 1
12 25 30 35 1
11 12 25 30 35 -1
17 25 30 35 1
11 17 25 30 35 -1
12 17 25 30 35 -1
11 12 17 25 30 35 1
19 25 30 35 1
24 25 30 35 1
19 24 25 30 35 -1
26 30 35 -1
25 26 30 35 1
27 30 35 -1
25 27 30 35 1
28 30 35 -1
25 28 30 35 1
29 30 35 -1
25 29 30 35 1
32 35 6
4 32 35 -1
6 32 35 -1
4 6 32 35 1
9 32 35 -1
4 9 32 35 1
6 9 32 35 1
4 6 9 32 35 -1
12 32 35 -1
14 32 35 -1
12 14 32 35 1
17 32 35 -1
12 17 32 35 1
14 17 32 35 1
12 14 17 32 35 -1
19 32 35 -1
21 32 35 -1
19 21 32 35 1
24 32 35 -1
19 24 32 35 1
21 24 32 35 1
19 21 24 32 35 -1
25 32 35 -1
27 32 35 -1
25 27 32 35 1
30 32 35 -1
25 30 32 35 1
27 30 32 35 1
25 27 30 32 35 -1
33 35 6
4 33 35 -1
7 33 35 -1
4 7 33 35 1
9 33 35 -1
4 9 33 35 1
7 9 33 35 1
4 7 9 33 35 -1
12 33 35 -1
15 33 35 -1
12 15 33 35 1
17 33 35 -1
12 17 33 35 1
15 17 33 35 1
12 15 17 33 35 -1
19 33 35 -1
22 33 35 -1
19 22 33 35 1
24 33 35 -1
19 24 33 35 1
22 24 33 35 1
19 22 24 33 35 -1
25 33 35 -1
28 33 35 -1
25 28 33 35 1
30 33 35 -1
25 30 33 35 1
28 30 33 35 1
25 28 30 33 35 -1
34 35 7
4 34 35 -1
8 34 35 -1
4 8 34 35 1
9 34 35 -1
4 9 34 35 1
8 9 34 35 1
4 8 9 34 35 -1
12 34 35 -1
16 34 35 -1
12 16 34 35 1
17 34 35 -1
12 17 34 35 1
16 17 34 35 1
12 16 17 34 35 -1
19 34 35 -1
23 34 35 -1
19 23 34 35 1
24 34 35 -1
19 24 34 35 1
23 24 34 35 1
19 23 24 34 35 -1
25 34 35 -1
29 34 35 -1
25 29 34 35 1
30 34 35 -1
25 30 34 35 1
29 30 34 35 1
25 29 30 34 35 -1
32 34 35 -1
33 34 35 -1
36 -21
2 36 1
3 36 1
4 36 1
5 36 6
2 5 36 -1
3 5 36 -1
4 5 36 -1
6 36 6
2 6 36 -1
3 6 36 -1
4 6 36 -1
5 6 36 -6
2 5 6 36 1
3 5 6 36 1
4 5 6 36 1
8 36 1
5 8 36 -1
6 8 36 -1
5 6 8 36 1
9 36 1
5 9 36 -1
6 9 36 -1
5 6 9 36 1
10 36 1
11 36 1
12 36 1
13 36 6
5 13 36 -1
6 13 36 -1
5 6 13 36 1
10 13 36 -1
11 13 36 -1
12 13 36 -1
14 36 6
5 14 36 -1
6 14 36 -1
5 6 14 36 1
10 14 36 -1
11 14 36 -1
12 14 36 -1
13 14 36 -6
5 13 14 36 1
6 13 14 36 1
5 6 13 14 36 -1
10 13 14 36 1
11 13 14 36 1
12 13 14 36 1
16 36 1
13 16 36 -1
14 16 36 -1
13 14 16 36 1
17 36 1
13 17 36 -1
14 17 36 -1
13 14 17 36 1
19 36 1
20 36 6
2 20 36 -1
5 20 36 -1
2 5 20 36 1
6 20 36 -1
2 6 20 36 1
5 6 20 36 1
2 5 6 20 36 -1
10 20 36 -1
13 20 36 -1
10 13 20 36 1
14 20 36 -1
10 14 20 36 1
13 14 20 36 1
10 13 14 20 36 -1
19 20 36 -1
21 36 6
2 21 36 -1
5 21 36 -1
2 5 21 36 1
6 21 36 -1
2 6 21 36 1
5 6 21 36 1
2 5 6 21 36 -1
10 21 36 -1
13 21 36 -1
10 13 21 36 1
14 21 36 -1
10 14 21 36 1
13 14 21 36 1
10 13 14 21 36 -1
19 21 36 -1
20 21 36 -6
2 20 21 36 1
5 20 21 36 1
2 5 20 21 36 -1
6 20 21 36 1
2 6 20 21 36 -1
5 6 20 21 36 -1
2 5 6 20 21 36 1
10 20 21 36 1
13 20 21 36 1
10 13 20 21 36 -1
14 20 21 36 1
10 14 20 21 36 -1
13 14 20 21 36 -1
10 13 14 20 21 36 1
19 20 21 36 1
23 36 1
20 23 36 -1
21 23 36 -1
20 21 23 36 1
24 36 1
20 24 36 -1
21 24 36 -1
20 21 24 36 1
25 36 1
26 36 6
3 26 36 -1
5 26 36 -1
3 5 26 36 1
6 26 36 -1
3 6 26 36 1
5 6 26 36 1
3 5 6 26 36 -1
11 26 36 -1
13 26 36 -1
11 13 26 36 1
14 26 36 -1
11 14 26 36 1
13 14 26 36 1
11 13 14 26 36 -1
20 26 36 -1
21 26 36 -1
20 21 26 36 1
25 26 36 -1
27 36 6
3 27 36 -1
5 27 36 -1
3 5 27 36 1
6 27 36 -1
3 6 27 36 1
5 6 27 36 1
3 5 6 27 36 -1
11 27 36 -1
13 27 36 -1
11 13 27 36 1
14 27 36 -1
11 14 27 36 1
13 14 27 36 1
11 13 14 27 36 -1
20 27 36 -1
21 27 36 -1
20 21 27 36 1
25 27 36 -1
26 27 36 -6
3 26 27 36 1
5 26 27 36 1
3 5 26 27 36 -1
6 26 27 36 1
3 6 26 27 36 -1
5 6 26 27 36 -1
3 5 6 26 27 36 1
11 26 27 36 1
13 26 27 36 1
11 13 26 27 36 -1
14 26 27 36 1
11 14 26 27 36 -1
13 14 26 27 36 -1
11 13 14 26 27 36 1
20 26 27 36 1
21 26 27 36 1
20 21 26 27 36 -1
25 26 27 36 1
29 36 1
26 29 36 -1
27 29 36 -1
26 27 29 36 1
30 36 1
26 30 36 -1
27 30 36 -1
26 27 30 36 1
32 36 6
4 32 36 -1
5 32 36 -1
4 5 32 36 1
6 32 36 -1
4 6 32 36 1
5 6 32 36 1
4 5 6 32 36 -1
12 32 36 -1
13 32 36 -1
12 13 32 36 1
14 32 36 -1
12 14 32 36 1
13 14 32 36 1
12 13 14 32 36 -1
19 32 36 -1
20 32 36 -1
19 20 32 36 1
21 32 36 -1
19 21 32 36 1
20 21 32 36 1
19 20 21 32 36 -1
25 32 36 -1
26 32 36 -1
25 26 32 36 1
27 32 36 -1
25 27 32 36 1
26 27 32 36 1
25 26 27 32 36 -1
34 36 1
32 34 36 -1
35 36 1
32 35 36 -1
37 -21
2 37 1
3 37 1
4 37 1
5 37 6
2 5 37 -1
3 5 37 -1
4 5 37 -1
7 37 6
2 7 37 -1
3 7 37 -1
4 7 37 -1
5 7 37 -6
2 5 7 37 1
3 5 7 37 1
4 5 7 37 1
8 37 1
5 8 37 -1
7 8 37 -1
5 7 8 37 1
9 37 1
5 9 37 -1
7 9 37 -1
5 7 9 37 1
10 37 1
11 37 1
12 37 1
13 37 6
5 13 37 -1
7 13 37 -1
5 7 13 37 1
10 13 37 -1
11 13 37 -1
12 13 37 -1
15 37 6
5 15 37 -1
7 15 37 -1
5 7 15 37 1
10 15 37 -1
11 15 37 -1
12 15 37 -1
13 15 37 -6
5 13 15 37 1
7 13 15 37 1
5 7 13 15 37 -1
10 13 15 37 1
11 13 15 37 1
12 13 15 37 1
16 37 1
13 16 37 -1
15 16 37 -1
13 15 16 37 1
17 37 1
13 17 37 -1
15 17 37 -1
13 15 17 37 1
19 37 1
20 37 6
2 20 37 -1
5 20 37 -1
2 5 20 37 1
7 20 37 -1
2 7 20 37 1
5 7 20 37 1
2 5 7 20 37 -1
10 20 37 -1
13 20 37 -1
10 13 20 37 1
15 20 37 -1
10 15 20 37 1
13 15 20 37 1
10 13 15 20 37 -1
19 20 37 -1
22 37 6
2 22 37 -1
5 22 37 -1
2 5 22 37 1
7 22 37 -1
2 7 22 37 1
5 7 22 37 1
2 5 7 22 37 -1
10 22 37 -1
13 22 37 -1
10 13 22 37 1
15 22 37 -1
10 15 22 37 1
13 15 22 37 1
10 13 15 22 37 -1
19 22 37 -1
20 22 37 -6
2 20 22 37 1
5 20 22 37 1
2 5 20 22 37 -1
7 20 22 37 1
2 7 20 22 37 -1
5 7 20 22 37 -1
2 5 7 20 22 37 1
10 20 22 37 1
13 20 22 37 1
10 13 20 22 37 -1
15 20 22 37 1
10 15 20 22 37 -1
13 15 20 22 37 -1
10 13 15 20 22 37 1
19 20 22 37 1
23 37 1
20 23 37 -1
22 23 37 -1
20 22 23 37 1
24 37 1
20 24 37 -1
22 24 37 -1
20 22 24 37 1
25 37 1
26 37 6
3 26 37 -1
5 26 37 -1
3 5 26 37 1
7 26 37 -1
3 7 26 37 1
5 7 26 37 1
3 5 7 26 37 -1
11 26 37 -1
13 26 37 -1
11 13 26 37 1
15 26 37 -1
11 15 26 37 1
13 15 26 37 1
11 13 15 26 37 -1
20 26 37 -1
22 26 37 -1
20 22 26 37 1
25 26 37 -1
28 37 6
3 28 37 -1
5 28 37 -1
3 5 28 37 1
7 28 37 -1
3 7 28 37 1
5 7 28 37 1
3 5 7 28 37 -1
11 28 37 -1
13 28 37 -1
11 13 28 37 1
15 28 37 -1
11 15 28 37 1
13 15 28 37 1
11 13 15 28 37 -1
20 28 37 -1
22 28 37 -1
20 22 28 37 1
25 28 37 -1
26 28 37 -6
3 26 28 37 1
5 26 28 37 1
3 5 26 28 37 -1
7 26 28 37 1
3 7 26 28 37 -1
5 7 26 28 37 -1
3 5 7 26 28 37 1
11 26 28 37 1
13 26 28 37 1
11 13 26 28 37 -1
15 26 28 37 1
11 15 26 28 37 -1
13 15 26 28 37 -1
11 13 15 26 28 37 1
20 26 28 37 1
22 26 28 37 1
20 22 26 28 37 -1
25 26 28 37 1
29 37 1
26 29 37 -1
28 29 37 -1
26 28 29 37 1
30 37 1
26 30 37 -1
28 30 37 -1
26 28 30 37 1
33 37 6
4 33 37 -1
5 33 37 -1
4 5 33 37 1
7 33 37 -1
4 7 33 37 1
5 7 33 37 1
4 5 7 33 37 -1
12 33 37 -1
13 33 37 -1
12 13 33 37 1
15 33 37 -1
12 15 33 37 1
13 15 33 37 1
12 13 15 33 37 -1
19 33 37 -1
20 33 37 -1
19 20 33 37 1
22 33 37 -1
19 22 33 37 1
20 22 33 37 1
19 20 22 33 37 -1
25 33 37 -1
26 33 37 -1
25 26 33 37 1
28 33 37 -1
25 28 33 37 1
26 28 33 37 1
25 26 28 33 37 -1
34 37 1
33 34 37 -1
35 37 1
33 35 37 -1
2 5 6 7 20 21 22 36 37 1
10 13 14 15 20 21 22 36 37 1
3 5 6 7 26 27 28 36 37 1
11 13 14 15 26 27 28 36 37 1
38 -27
2 38 1
3 38 1
4 38 1
5 38 7
2 5 38 -1
3 5 38 -1
4 5 38 -1
6 38 1
5 6 38 -1
7 38 1
5 7 38 -1
8 38 7
2 8 38 -1
3 8 38 -1
4 8 38 -1
5 8 38 -7
2 5 8 38 1
3 5 8 38 1
4 5 8 38 1
6 8 38 -1
5 6 8 38 1
7 8 38 -1
5 7 8 38 1
9 38 1
5 9 38 -1
8 9 38 -1
5 8 9 38 1
10 38 1
11 38 1
12 38 1
13 38 7
5 13 38 -1
8 13 38 -1
5 8 13 38 1
10 13 38 -1
11 13 38 -1
12 13 38 -1
14 38 1
13 14 38 -1
15 38 1
13 15 38 -1
16 38 7
5 16 38 -1
8 16 38 -1
5 8 16 38 1
10 16 38 -1
11 16 38 -1
12 16 38 -1
13 16 38 -7
5 13 16 38 1
8 13 16 38 1
5 8 13 16 38 -1
10 13 16 38 1
11 13 16 38 1
12 13 16 38 1
14 16 38 -1
13 14 16 38 1
15 16 38 -1
13 15 16 38 1
17 38 1
13 17 38 -1
16 17 38 -1
13 16 17 38 1
19 38 1
20 38 7
2 20 38 -1
5 20 38 -1
2 5 20 38 1
8 20 38 -1
2 8 20 38 1
5 8 20 38 1
2 5 8 20 38 -1
10 20 38 -1
13 20 38 -1
10 13 20 38 1
16 20 38 -1
10 16 20 38 1
13 16 20 38 1
10 13 16 20 38 -1
19 20 38 -1
21 38 1
20 21 38 -1
22 38 1
20 22 38 -1
23 38 7
2 23 38 -1
5 23 38 -1
2 5 23 38 1
8 23 38 -1
2 8 23 38 1
5 8 23 38 1
2 5 8 23 38 -1
10 23 38 -1
13 23 38 -1
10 13 23 38 1
16 23 38 -1
10 16 23 38 1
13 16 23 38 1
10 13 16 23 38 -1
19 23 38 -1
20 23 38 -7
2 20 23 38 1
5 20 23 38 1
2 5 20 23 38 -1
8 20 23 38 1
2 8 20 23 38 -1
5 8 20 23 38 -1
2 5 8 20 23 38 1
10 20 23 38 1
13 20 23 38 1
10 13 20 23 38 -1
16 20 23 38 1
10 16 20 23 38 -1
13 16 20 23 38 -1
10 13 16 20 23 38 1
19 20 23 38 1
21 23 38 -1
20 21 23 38 1
22 23 38 -1
20 22 23 38 1
24 38 1
20 24 38 -1
23 24 38 -1
20 23 24 38 1
25 38 1
26 38 7
3 26 38 -1
5 26 38 -1
3 5 26 38 1
8 26 38 -1
3 8 26 38 1
5 8 26 38 1
3 5 8 26 38 -1
11 26 38 -1
13 26 38 -1
11 13 26 38 1
16 26 38 -1
11 16 26 38 1
13 16 26 38 1
11 13 16 26 38 -1
20 26 38 -1
23 26 38 -1
20 23 26 38 1
25 26 38 -1
27 38 1
26 27 38 -1
28 38 1
26 28 38 -1
29 38 7
3 29 38 -1
5 29 38 -1
3 5 29 38 1
8 29 38 -1
3 8 29 38 1
5 8 29 38 1
3 5 8 29 38 -1
11 29 38 -1
13 29 38 -1
11 13 29 38 1
16 29 38 -1
11 16 29 38 1
13 16 29 38 1
11 13 16 29 38 -1
20 29 38 -1
23 29 38 -1
20 23 29 38 1
25 29 38 -1
26 29 38 -7
3 26 29 38 1
5 26 29 38 1
3 5 26 29 38 -1
8 26 29 38 1
3 8 26 29 38 -1
5 8 26 29 38 -1
3 5 8 26 29 38 1
11 26 29 38 1
13 26 29 38 1
11 13 26 29 38 -1
16 26 29 38 1
11 16 26 29 38 -1
13 16 26 29 38 -1
11 13 16 26 29 38 1
20 26 29 38 1
23 26 29 38 1
20 23 26 29 38 -1
25 26 29 38 1
27 29 38 -1
26 27 29 38 1
28 29 38 -1
26 28 29 38 1
30 38 1
26 30 38 -1
29 30 38 -1
26 29 30 38 1
32 38 1
33 38 1
34 38 7
4 34 38 -1
5 34 38 -1
4 5 34 38 1
8 34 38 -1
4 8 34 38 1
5 8 34 38 1
4 5 8 34 38 -1
12 34 38 -1
13 34 38 -1
12 13 34 38 1
16 34 38 -1
12 16 34 38 1
13 16 34 38 1
12 13 16 34 38 -1
19 34 38 -1
20 34 38 -1
19 20 34 38 1
23 34 38 -1
19 23 34 38 1
20 23 34 38 1
19 20 23 34 38 -1
25 34 38 -1
26 34 38 -1
25 26 34 38 1
29 34 38 -1
25 29 34 38 1
26 29 34 38 1
25 26 29 34 38 -1
32 34 38 -1
33 34 38 -1
35 38 1
34 35 38 -1
36 38 6
5 36 38 -1
6 36 38 -1
5 6 36 38 1
8 36 38 -1
5 8 36 38 1
6 8 36 38 1
5 6 8 36 38 -1
13 36 38 -1
14 36 38 -1
13 14 36 38 1
16 36 38 -1
13 16 36 38 1
14 16 36 38 1
13 14 16 36 38 -1
20 36 38 -1
21 36 38 -1
20 21 36 38 1
23 36 38 -1
20 23 36 38 1
21 23 36 38 1
20 21 23 36 38 -1
26 36 38 -1
27 36 38 -1
26 27 36 38 1
29 36 38 -1
26 29 36 38 1
27 29 36 38 1
26 27 29 36 38 -1
32 36 38 -1
34 36 38 -1
32 34 36 38 1
37 38 6
5 37 38 -1
7 37 38 -1
5 7 37 38 1
8 37 38 -1
5 8 37 38 1
7 8 37 38 1
5 7 8 37 38 -1
13 37 38 -1
15 37 38 -1
13 15 37 38 1
16 37 38 -1
13 16 37 38 1
15 16 37 38 1
13 15 16 37 38 -1
20 37 38 -1
22 37 38 -1
20 22 37 38 1
23 37 38 -1
20 23 37 38 1
22 23 37 38 1
20 22 23 37 38 -1
26 37 38 -1
28 37 38 -1
26 28 37 38 1
29 37 38 -1
26 29 37 38 1
28 29 37 38 1
26 28 29 37 38 -1
33 37 38 -1
34 37 38 -1
33 34 37 38 1
39 -27
2 39 1
3 39 1
4 39 1
5 39 7
2 5 39 -1
3 5 39 -1
4 5 39 -1
6 39 1
5 6 39 -1
7 39 1
5 7 39 -1
8 39 1
5 8 39 -1
9 39 7
2 9 39 -1
3 9 39 -1
4 9 39 -1
5 9 39 -7
2 5 9 39 1
3 5 9 39 1
4 5 9 39 1
6 9 39 -1
5 6 9 39 1
7 9 39 -1
5 7 9 39 1
8 9 39 -1
5 8 9 39 1
10 39 1
11 39 1
12 39 1
13 39 7
5 13 39 -1
9 13 39 -1
5 9 13 39 1
10 13 39 -1
11 13 39 -1
12 13 39 -1
14 39 1
13 14 39 -1
15 39 1
13 15 39 -1
16 39 1
13 16 39 -1
17 39 7
5 17 39 -1
9 17 39 -1
5 9 17 39 1
10 17 39 -1
11 17 39 -1
12 17 39 -1
13 17 39 -7
5 13 17 39 1
9 13 17 39 1
5 9 13 17 39 -1
10 13 17 39 1
11 13 17 39 1
12 13 17 39 1
14 17 39 -1
13 14 17 39 1
15 17 39 -1
13 15 17 39 1
16 17 39 -1
13 16 17 39 1
19 39 1
20 39 7
2 20 39 -1
5 20 39 -1
2 5 20 39 1
9 20 39 -1
2 9 20 39 1
5 9 20 39 1
2 5 9 20 39 -1
10 20 39 -1
13 20 39 -1
10 13 20 39 1
17 20 39 -1
10 17 20 39 1
13 17 20 39 1
10 13 17 20 39 -1
19 20 39 -1
21 39 1
20 21 39 -1
22 39 1
20 22 39 -1
23 39 1
20 23 39 -1
24 39 7
2 24 39 -1
5 24 39 -1
2 5 24 39 1
9 24 39 -1
2 9 24 39 1
5 9 24 39 1
2 5 9 24 39 -1
10 24 39 -1
13 24 39 -1
10 13 24 39 1
17 24 39 -1
10 17 24 39 1
13 17 24 39 1
10 13 17 24 39 -1
19 24 39 -1
20 24 39 -7
2 20 24 39 1
5 20 24 39 1
2 5 20 24 39 -1
9 20 24 39 1
2 9 20 24 39 -1
5 9 20 24 39 -1
2 5 9 20 24 39 1
10 20 24 39 1
13 20 24 39 1
10 13 20 24 39 -1
17 20 24 39 1
10 17 20 24 39 -1
13 17 20 24 39 -1
10 13 17 20 24 39 1
19 20 24 39 1
21 24 39 -1
20 21 24 39 1
22 24 39 -1
20 22 24 39 1
23 24 39 -1
20 23 24 39 1
25 39 1
26 39 7
3 26 39 -1
5 26 39 -1
3 5 26 39 1
9 26 39 -1
3 9 26 39 1
5 9 26 39 1
3 5 9 26 39 -1
11 26 39 -1
13 26 39 -1
11 13 26 39 1
17 26 39 -1
11 17 26 39 1
13 17 26 39 1
11 13 17 26 39 -1
20 26 39 -1
24 26 39 -1
20 24 26 39 1
25 26 39 -1
27 39 1
26 27 39 -1
28 39 1
26 28 39 -1
29 39 1
26 29 39 -1
30 39 7
3 30 39 -1
5 30 39 -1
3 5 30 39 1
9 30 39 -1
3 9 30 39 1
5 9 30 39 1
3 5 9 30 39 -1
11 30 39 -1
13 30 39 -1
11 13 30 39 1
17 30 39 -1
11 17 30 39 1
13 17 30 39 1
11 13 17 30 39 -1
20 30 39 -1
24 30 39 -1
20 24 30 39 1
25 30 39 -1
26 30 39 -7
3 26 30 39 1
5 26 30 39 1
3 5 26 30 39 -1
9 26 30 39 1
3 9 26 30 39 -1
5 9 26 30 39 -1
3 5 9 26 30 39 1
11 26 30 39 1
13 26 30 39 1
11 13 26 30 39 -1
17 26 30 39 1
11 17 26 30 39 -1
13 17 26 30 39 -1
11 13 17 26 30 39 1
20 26 30 39 1
24 26 30 39 1
20 24 26 30 39 -1
25 26 30 39 1
27 30 39 -1
26 27 30 39 1
28 30 39 -1
26 28 30 39 1
29 30 39 -1
26 29 30 39 1
32 39 1
33 39 1
34 39 1
35 39 7
4 35 39 -1
5 35 39 -1
4 5 35 39 1
9 35 39 -1
4 9 35 39 1
5 9 35 39 1
4 5 9 35 39 -1
12 35 39 -1
13 35 39 -1
12 13 35 39 1
17 35 39 -1
12 17 35 39 1
13 17 35 39 1
12 13 17 35 39 -1
19 35 39 -1
20 35 39 -1
19 20 35 39 1
24 35 39 -1
19 24 35 39 1
20 24 35 39 1
19 20 24 35 39 -1
25 35 39 -1
26 35 39 -1
25 26 35 39 1
30 35 39 -1
25 30 35 39 1
26 30 35 39 1
25 26 30 35 39 -1
32 35 39 -1
33 35 39 -1
34 35 39 -1
36 39 6
5 36 39 -1
6 36 39 -1
5 6 36 39 1
9 36 39 -1
5 9 36 39 1
6 9 36 39 1
5 6 9 36 39 -1
13 36 39 -1
14 36 39 -1
13 14 36 39 1
17 36 39 -1
13 17 36 39 1
14 17 36 39 1
13 14 17 36 39 -1
20 36 39 -1
21 36 39 -1
20 21 36 39 1
24 36 39 -1
20 24 36 39 1
21 24 36 39 1
20 21 24 36 39 -1
26 36 39 -1
27 36 39 -1
26 27 36 39 1
30 36 39 -1
26 30 36 39 1
27 30 36 39 1
26 27 30 36 39 -1
32 36 39 -1
35 36 39 -1
32 35 36 39 1
37 39 6
5 37 39 -1
7 37 39 -1
5 7 37 39 1
9 37 39 -1
5 9 37 39 1
7 9 37 39 1
5 7 9 37 39 -1
13 37 39 -1
15 37 39 -1
13 15 37 39 1
17 37 39 -1
13 17 37 39 1
15 17 37 39 1
13 15 17 37 39 -1
20 37 39 -1
22 37 39 -1
20 22 37 39 1
24 37 39 -1
20 24 37 39 1
22 24 37 39 1
20 22 24 37 39 -1
26 37 39 -1
28 37 39 -1
26 28 37 39 1
30 37 39 -1
26 30 37 39 1
28 30 37 39 1
26 28 30 37 39 -1
33 37 39 -1
35 37 39 -1
33 35 37 39 1
38 39 7
5 38 39 -1
8 38 39 -1
5 8 38 39 1
9 38 39 -1
5 9 38 39 1
8 9 38 39 1
5 8 9 38 39 -1
13 38 39 -1
16 38 39 -1
13 16 38 39 1
17 38 39 -1
13 17 38 39 1
16 17 38 39 1
13 16 17 38 39 -1
20 38 39 -1
23 38 39 -1
20 23 38 39 1
24 38 39 -1
20 24 38 39 1
23 24 38 39 1
20 23 24 38 39 -1
26 38 39 -1
29 38 39 -1
26 29 38 39 1
30 38 39 -1
26 30 38 39 1
29 30 38 39 1
26 29 30 38 39 -1
34 38 39 -1
35 38 39 -1
34 35 38 39 1
36 38 39 -1
37 38 39 -1
41 -21
2 41 1
3 41 1
4 41 1
5 41 1
6 41 6
2 6 41 -1
3 6 41 -1
4 6 41 -1
5 6 41 -1
8 41 6
2 8 41 -1
3 8 41 -1
4 8 41 -1
5 8 41 -1
6 8 41 -6
2 6 8 41 1
3 6 8 41 1
4 6 8 41 1
5 6 8 41 1
9 41 1
6 9 41 -1
8 9 41 -1
6 8 9 41 1
10 41 1
11 41 1
12 41 1
13 41 1
14 41 6
6 14 41 -1
8 14 41 -1
6 8 14 41 1
10 14 41 -1
11 14 41 -1
12 14 41 -1
13 14 41 -1
16 41 6
6 16 41 -1
8 16 41 -1
6 8 16 41 1
10 16 41 -1
11 16 41 -1
12 16 41 -1
13 16 41 -1
14 16 41 -6
6 14 16 41 1
8 14 16 41 1
6 8 14 16 41 -1
10 14 16 41 1
11 14 16 41 1
12 14 16 41 1
13 14 16 41 1
17 41 1
14 17 41 -1
16 17 41 -1
14 16 17 41 1
19 41 1
20 41 1
21 41 6
2 21 41 -1
6 21 41 -1
2 6 21 41 1
8 21 41 -1
2 8 21 41 1
6 8 21 41 1
2 6 8 21 41 -1
10 21 41 -1
14 21 41 -1
10 14 21 41 1
16 21 41 -1
10 16 21 41 1
14 16 21 41 1
10 14 16 21 41 -1
19 21 41 -1
20 21 41 -1
23 41 6
2 23 41 -1
6 23 41 -1
2 6 23 41 1
8 23 41 -1
2 8 23 41 1
6 8 23 41 1
2 6 8 23 41 -1
10 23 41 -1
14 23 41 -1
10 14 23 41 1
16 23 41 -1
10 16 23 41 1
14 16 23 41 1
10 14 16 23 41 -1
19 23 41 -1
20 23 41 -1
21 23 41 -6
2 21 23 41 1
6 21 23 41 1
2 6 21 23 41 -1
8 21 23 41 1
2 8 21 23 41 -1
6 8 21 23 41 -1
2 6 8 21 23 41 1
10 21 23 41 1
14 21 23 41 1
10 14 21 23 41 -1
16 21 23 41 1
10 16 21 23 41 -1
14 16 21 23 41 -1
10 14 16 21 23 41 1
19 21 23 41 1
20 21 23 41 1
24 41 1
21 24 41 -1
23 24 41 -1
21 23 24 41 1
25 41 1
26 41 1
27 41 6
3 27 41 -1
6 27 41 -1
3 6 27 41 1
8 27 41 -1
3 8 27 41 1
6 8 27 41 1
3 6 8 27 41 -1
11 27 41 -1
14 27 41 -1
11 14 27 41 1
16 27 41 -1
11 16 27 41 1
14 16 27 41 1
11 14 16 27 41 -1
21 27 41 -1
23 27 41 -1
21 23 27 41 1
25 27 41 -1
26 27 41 -1
29 41 6
3 29 41 -1
6 29 41 -1
3 6 29 41 1
8 29 41 -1
3 8 29 41 1
6 8 29 41 1
3 6 8 29 41 -1
11 29 41 -1
14 29 41 -1
11 14 29 41 1
16 29 41 -1
11 16 29 41 1
14 16 29 41 1
11 14 16 29 41 -1
21 29 41 -1
23 29 41 -1
21 23 29 41 1
25 29 41 -1
26 29 41 -1
27 29 41 -6
3 27 29 41 1
6 27 29 41 1
3 6 27 29 41 -1
8 27 29 41 1
3 8 27 29 41 -1
6 8 27 29 41 -1
3 6 8 27 29 41 1
11 27 29 41 1
14 27 29 41 1
11 14 27 29 41 -1
16 27 29 41 1
11 16 27 29 41 -1
14 16 27 29 41 -1
11 14 16 27 29 41 1
21 27 29 41 1
23 27 29 41 1
21 23 27 29 41 -1
25 27 29 41 1
26 27 29 41 1
30 41 1
27 30 41 -1
29 30 41 -1
27 29 30 41 1
32 41 6
4 32 41 -1
6 32 41 -1
4 6 32 41 1
8 32 41 -1
4 8 32 41 1
6 8 32 41 1
4 6 8 32 41 -1
12 32 41 -1
14 32 41 -1
12 14 32 41 1
16 32 41 -1
12 16 32 41 1
14 16 32 41 1
12 14 16 32 41 -1
19 32 41 -1
21 32 41 -1
19 21 32 41 1
23 32 41 -1
19 23 32 41 1
21 23 32 41 1
19 21 23 32 41 -1
25 32 41 -1
27 32 41 -1
25 27 32 41 1
29 32 41 -1
25 29 32 41 1
27 29 32 41 1
25 27 29 32 41 -1
34 41 6
4 34 41 -1
6 34 41 -1
4 6 34 41 1
8 34 41 -1
4 8 34 41 1
6 8 34 41 1
4 6 8 34 41 -1
12 34 41 -1
14 34 41 -1
12 14 34 41 1
16 34 41 -1
12 16 34 41 1
14 16 34 41 1
12 14 16 34 41 -1
19 34 41 -1
21 34 41 -1
19 21 34 41 1
23 34 41 -1
19 23 34 41 1
21 23 34 41 1
19 21 23 34 41 -1
25 34 41 -1
27 34 41 -1
25 27 34 41 1
29 34 41 -1
25 29 34 41 1
27 29 34 41 1
25 27 29 34 41 -1
32 34 41 -6
4 32 34 41 1
6 32 34 41 1
4 6 32 34 41 -1
8 32 34 41 1
4 8 32 34 41 -1
6 8 32 34 41 -1
4 6 8 32 34 41 1
12 32 34 41 1
14 32 34 41 1
12 14 32 34 41 -1
16 32 34 41 1
12 16 32 34 41 -1
14 16 32 34 41 -1
12 14 16 32 34 41 1
19 32 34 41 1
21 32 34 41 1
19 21 32 34 41 -1
23 32 34 41 1
19 23 32 34 41 -1
21 23 32 34 41 -1
19 21 23 32 34 41 1
2 4 6 8 19 21 23 32 34 41 1
10 12 14 16 19 21 23 32 34 41 1
25 32 34 41 1
27 32 34 41 1
25 27 32 34 41 -1
29 32 34 41 1
25 29 32 34 41 -1
27 29 32 34 41 -1
25 27 29 32 34 41 1
3 4 6 8 25 27 29 32 34 41 1
11 12 14 16 25 27 29 32 34 41 1
35 41 1
32 35 41 -1
34 35 41 -1
32 34 35 41 1
36 41 6
5 36 41 -1
6 36 41 -1
5 6 36 41 1
8 36 41 -1
5 8 36 41 1
6 8 36 41 1
5 6 8 36 41 -1
13 36 41 -1
14 36 41 -1
13 14 36 41 1
16 36 41 -1
13 16 36 41 1
14 16 36 41 1
13 14 16 36 41 -1
20 36 41 -1
21 36 41 -1
20 21 36 41 1
23 36 41 -1
20 23 36 41 1
21 23 36 41 1
20 21 23 36 41 -1
26 36 41 -1
27 36 41 -1
26 27 36 41 1
29 36 41 -1
26 29 36 41 1
27 29 36 41 1
26 27 29 36 41 -1
32 36 41 -1
34 36 41 -1
32 34 36 41 1
38 41 6
5 38 41 -1
6 38 41 -1
5 6 38 41 1
8 38 41 -1
5 8 38 41 1
6 8 38 41 1
5 6 8 38 41 -1
13 38 41 -1
14 38 41 -1
13 14 38 41 1
16 38 41 -1
13 16 38 41 1
14 16 38 41 1
13 14 16 38 41 -1
20 38 41 -1
21 38 41 -1
20 21 38 41 1
23 38 41 -1
20 23 38 41 1
21 23 38 41 1
20 21 23 38 41 -1
26 38 41 -1
27 38 41 -1
26 27 38 41 1
29 38 41 -1
26 29 38 41 1
27 29 38 41 1
26 27 29 38 41 -1
32 38 41 -1
34 38 41 -1
32 34 38 41 1
36 38 41 -6
5 36 38 41 1
6 36 38 41 1
5 6 36 38 41 -1
8 36 38 41 1
5 8 36 38 41 -1
6 8 36 38 41 -1
5 6 8 36 38 41 1
13 36 38 41 1
14 36 38 41 1
13 14 36 38 41 -1
16 36 38 41 1
13 16 36 38 41 -1
14 16 36 38 41 -1
13 14 16 36 38 41 1
20 36 38 41 1
21 36 38 41 1
20 21 36 38 41 -1
23 36 38 41 1
20 23 36 38 41 -1
21 23 36 38 41 -1
20 21 23 36 38 41 1
2 5 6 8 20 21 23 36 38 41 1
10 13 14 16 20 21 23 36 38 41 1
26 36 38 41 1
27 36 38 41 1
26 27 36 38 41 -1
29 36 38 41 1
26 29 36 38 41 -1
27 29 36 38 41 -1
26 27 29 36 38 41 1
3 5 6 8 26 27 29 36 38 41 1
11 13 14 16 26 27 29 36 38 41 1
32 36 38 41 1
34 36 38 41 1
32 34 36 38 41 -1
39 41 1
36 39 41 -1
38 39 41 -1
36 38 39 41 1
42 -21
2 42 1
3 42 1
4 42 1
5 42 1
6 42 6
2 6 42 -1
3 6 42 -1
4 6 42 -1
5 6 42 -1
8 42 1
6 8 42 -1
9 42 6
2 9 42 -1
3 9 42 -1
4 9 42 -1
5 9 42 -1
6 9 42 -6
2 6 9 42 1
3 6 9 42 1
4 6 9 42 1
5 6 9 42 1
8 9 42 -1
6 8 9 42 1
10 42 1
11 42 1
12 42 1
13 42 1
14 42 6
6 14 42 -1
9 14 42 -1
6 9 14 42 1
10 14 42 -1
11 14 42 -1
12 14 42 -1
13 14 42 -1
16 42 1
14 16 42 -1
17 42 6
6 17 42 -1
9 17 42 -1
6 9 17 42 1
10 17 42 -1
11 17 42 -1
12 17 42 -1
13 17 42 -1
14 17 42 -6
6 14 17 42 1
9 14 17 42 1
6 9 14 17 42 -1
10 14 17 42 1
11 14 17 42 1
12 14 17 42 1
13 14 17 42 1
16 17 42 -1
14 16 17 42 1
19 42 1
20 42 1
21 42 6
2 21 42 -1
6 21 42 -1
2 6 21 42 1
9 21 42 -1
2 9 21 42 1
6 9 21 42 1
2 6 9 21 42 -1
10 21 42 -1
14 21 42 -1
10 14 21 42 1
17 21 42 -1
10 17 21 42 1
14 17 21 42 1
10 14 17 21 42 -1
19 21 42 -1
20 21 42 -1
23 42 1
21 23 42 -1
24 42 6
2 24 42 -1
6 24 42 -1
2 6 24 42 1
9 24 42 -1
2 9 24 42 1
6 9 24 42 1
2 6 9 24 42 -1
10 24 42 -1
14 24 42 -1
10 14 24 42 1
17 24 42 -1
10 17 24 42 1
14 17 24 42 1
10 14 17 24 42 -1
19 24 42 -1
20 24 42 -1
21 24 42 -6
2 21 24 42 1
6 21 24 42 1
2 6 21 24 42 -1
9 21 24 42 1
2 9 21 24 42 -1
6 9 21 24 42 -1
2 6 9 21 24 42 1
10 21 24 42 1
14 21 24 42 1
10 14 21 24 42 -1
17 21 24 42 1
10 17 21 24 42 -1
14 17 21 24 42 -1
10 14 17 21 24 42 1
19 21 24 42 1
20 21 24 42 1
23 24 42 -1
21 23 24 42 1
25 42 1
26 42 1
27 42 6
3 27 42 -1
6 27 42 -1
3 6 27 42 1
9 27 42 -1
3 9 27 42 1
6 9 27 42 1
3 6 9 27 42 -1
11 27 42 -1
14 27 42 -1
11 14 27 42 1
17 27 42 -1
11 17 27 42 1
14 17 27 42 1
11 14 17 27 42 -1
21 27 42 -1
24 27 42 -1
21 24 27 42 1
25 27 42 -1
26 27 42 -1
29 42 1
27 29 42 -1
30 42 6
3 30 42 -1
6 30 42 -1
3 6 30 42 1
9 30 42 -1
3 9 30 42 1
6 9 30 42 1
3 6 9 30 42 -1
11 30 42 -1
14 30 42 -1
11 14 30 42 1
17 30 42 -1
11 17 30 42 1
14 17 30 42 1
11 14 17 30 42 -1
21 30 42 -1
24 30 42 -1
21 24 30 42 1
25 30 42 -1
26 30 42 -1
27 30 42 -6
3 27 30 42 1
6 27 30 42 1
3 6 27 30 42 -1
9 27 30 42 1
3 9 27 30 42 -1
6 9 27 30 42 -1
3 6 9 27 30 42 1
11 27 30 42 1
14 27 30 42 1
11 14 27 30 42 -1
17 27 30 42 1
11 17 27 30 42 -1
14 17 27 30 42 -1
11 14 17 27 30 42 1
21 27 30 42 1
24 27 30 42 1
21 24 27 30 42 -1
25 27 30 42 1
26 27 30 42 1
29 30 42 -1
27 29 30 42 1
32 42 6
4 32 42 -1
6 32 42 -1
4 6 32 42 1
9 32 42 -1
4 9 32 42 1
6 9 32 42 1
4 6 9 32 42 -1
12 32 42 -1
14 32 42 -1
12 14 32 42 1
17 32 42 -1
12 17 32 42 1
14 17 32 42 1
12 14 17 32 42 -1
19 32 42 -1
21 32 42 -1
19 21 32 42 1
24 32 42 -1
19 24 32 42 1
21 24 32 42 1
19 21 24 32 42 -1
25 32 42 -1
27 32 42 -1
25 27 32 42 1
30 32 42 -1
25 30 32 42 1
27 30 32 42 1
25 27 30 32 42 -1
34 42 1
32 34 42 -1
35 42 6
4 35 42 -1
6 35 42 -1
4 6 35 42 1
9 35 42 -1
4 9 35 42 1
6 9 35 42 1
4 6 9 35 42 -1
12 35 42 -1
14 35 42 -1
12 14 35 42 1
17 35 42 -1
12 17 35 42 1
14 17 35 42 1
12 14 17 35 42 -1
19 35 42 -1
21 35 42 -1
19 21 35 42 1
24 35 42 -1
19 24 35 42 1
21 24 35 42 1
19 21 24 35 42 -1
25 35 42 -1
27 35 42 -1
25 27 35 42 1
30 35 42 -1
25 30 35 42 1
27 30 35 42 1
25 27 30 35 42 -1
32 35 42 -6
4 32 35 42 1
6 32 35 42 1
4 6 32 35 42 -1
9 32 35 42 1
4 9 32 35 42 -1
6 9 32 35 42 -1
4 6 9 32 35 42 1
12 32 35 42 1
14 32 35 42 1
12 14 32 35 42 -1
17 32 35 42 1
12 17 32 35 42 -1
14 17 32 35 42 -1
12 14 17 32 35 42 1
19 32 35 42 1
21 32 35 42 1
19 21 32 35 42 -1
24 32 35 42 1
19 24 32 35 42 -1
21 24 32 35 42 -1
19 21 24 32 35 42 1
2 4 6 9 19 21 24 32 35 42 1
10 12 14 17 19 21 24 32 35 42 1
25 32 35 42 1
27 32 35 42 1
25 27 32 35 42 -1
30 32 35 42 1
25 30 32 35 42 -1
27 30 32 35 42 -1
25 27 30 32 35 42 1
3 4 6 9 25 27 30 32 35 42 1
11 12 14 17 25 27 30 32 35 42 1
34 35 42 -1
32 34 35 42 1
36 42 6
5 36 42 -1
6 36 42 -1
5 6 36 42 1
9 36 42 -1
5 9 36 42 1
6 9 36 42 1
5 6 9 36 42 -1
13 36 42 -1
14 36 42 -1
13 14 36 42 1
17 36 42 -1
13 17 36 42 1
14 17 36 42 1
13 14 17 36 42 -1
20 36 42 -1
21 36 42 -1
20 21 36 42 1
24 36 42 -1
20 24 36 42 1
21 24 36 42 1
20 21 24 36 42 -1
26 36 42 -1
27 36 42 -1
26 27 36 42 1
30 36 42 -1
26 30 36 42 1
27 30 36 42 1
26 27 30 36 42 -1
32 36 42 -1
35 36 42 -1
32 35 36 42 1
38 42 1
36 38 42 -1
39 42 6
5 39 42 -1
6 39 42 -1
5 6 39 42 1
9 39 42 -1
5 9 39 42 1
6 9 39 42 1
5 6 9 39 42 -1
13 39 42 -1
14 39 42 -1
13 14 39 42 1
17 39 42 -1
13 17 39 42 1
14 17 39 42 1
13 14 17 39 42 -1
20 39 42 -1
21 39 42 -1
20 21 39 42 1
24 39 42 -1
20 24 39 42 1
21 24 39 42 1
20 21 24 39 42 -1
26 39 42 -1
27 39 42 -1
26 27 39 42 1
30 39 42 -1
26 30 39 42 1
27 30 39 42 1
26 27 30 39 42 -1
32 39 42 -1
35 39 42 -1
32 35 39 42 1
36 39 42 -6
5 36 39 42 1
6 36 39 42 1
5 6 36 39 42 -1
9 36 39 42 1
5 9 36 39 42 -1
6 9 36 39 42 -1
5 6 9 36 39 42 1
13 36 39 42 1
14 36 39 42 1
13 14 36 39 42 -1
17 36 39 42 1
13 17 36 39 42 -1
14 17 36 39 42 -1
13 14 17 36 39 42 1
20 36 39 42 1
21 36 39 42 1
20 21 36 39 42 -1
24 36 39 42 1
20 24 36 39 42 -1
21 24 36 39 42 -1
20 21 24 36 39 42 1
2 5 6 9 20 21 24 36 39 42 1
10 13 14 17 20 21 24 36 39 42 1
26 36 39 42 1
27 36 39 42 1
26 27 36 39 42 -1
30 36 39 42 1
26 30 36 39 42 -1
27 30 36 39 42 -1
26 27 30 36 39 42 1
3 5 6 9 26 27 30 36 39 42 1
11 13 14 17 26 27 30 36 39 42 1
32 36 39 42 1
35 36 39 42 1
32 35 36 39 42 -1
38 39 42 -1
36 38 39 42 1
41 42 6
6 41 42 -1
8 41 42 -1
6 8 41 42 1
9 41 42 -1
6 9 41 42 1
8 9 41 42 1
6 8 9 41 42 -1
14 41 42 -1
16 41 42 -1
14 16 41 42 1
17 41 42 -1
14 17 41 42 1
16 17 41 42 1
14 16 17 41 42 -1
21 41 42 -1
23 41 42 -1
21 23 41 42 1
24 41 42 -1
21 24 41 42 1
23 24 41 42 1
21 23 24 41 42 -1
27 41 42 -1
29 41 42 -1
27 29 41 42 1
30 41 42 -1
27 30 41 42 1
29 30 41 42 1
27 29 30 41 42 -1
32 41 42 -1
34 41 42 -1
32 34 41 42 1
35 41 42 -1
32 35 41 42 1
34 35 41 42 1
32 34 35 41 42 -1
36 41 42 -1
38 41 42 -1
36 38 41 42 1
39 41 42 -1
36 39 41 42 1
38 39 41 42 1
36 38 39 41 42 -1
43 -21
2 43 1
3 43 1
4 43 1
5 43 1
7 43 6
2 7 43 -1
3 7 43 -1
4 7 43 -1
5 7 43 -1
8 43 6
2 8 43 -1
3 8 43 -1
4 8 43 -1
5 8 43 -1
7 8 43 -6
2 7 8 43 1
3 7 8 43 1
4 7 8 43 1
5 7 8 43 1
9 43 1
7 9 43 -1
8 9 43 -1
7 8 9 43 1
10 43 1
11 43 1
12 43 1
13 43 1
15 43 6
7 15 43 -1
8 15 43 -1
7 8 15 43 1
10 15 43 -1
11 15 43 -1
12 15 43 -1
13 15 43 -1
16 43 6
7 16 43 -1
8 16 43 -1
7 8 16 43 1
10 16 43 -1
11 16 43 -1
12 16 43 -1
13 16 43 -1
15 16 43 -6
7 15 16 43 1
8 15 16 43 1
7 8 15 16 43 -1
10 15 16 43 1
11 15 16 43 1
12 15 16 43 1
13 15 16 43 1
17 43 1
15 17 43 -1
16 17 43 -1
15 16 17 43 1
19 43 1
20 43 1
22 43 6
2 22 43 -1
7 22 43 -1
2 7 22 43 1
8 22 43 -1
2 8 22 43 1
7 8 22 43 1
2 7 8 22 43 -1
10 22 43 -1
15 22 43 -1
10 15 22 43 1
16 22 43 -1
10 16 22 43 1
15 16 22 43 1
10 15 16 22 43 -1
19 22 43 -1
20 22 43 -1
23 43 6
2 23 43 -1
7 23 43 -1
2 7 23 43 1
8 23 43 -1
2 8 23 43 1
7 8 23 43 1
2 7 8 23 43 -1
10 23 43 -1
15 23 43 -1
10 15 23 43 1
16 23 43 -1
10 16 23 43 1
15 16 23 43 1
10 15 16 23 43 -1
19 23 43 -1
20 23 43 -1
22 23 43 -6
2 22 23 43 1
7 22 23 43 1
2 7 22 23 43 -1
8 22 23 43 1
2 8 22 23 43 -1
7 8 22 23 43 -1
2 7 8 22 23 43 1
10 22 23 43 1
15 22 23 43 1
10 15 22 23 43 -1
16 22 23 43 1
10 16 22 23 43 -1
15 16 22 23 43 -1
10 15 16 22 23 43 1
19 22 23 43 1
20 22 23 43 1
24 43 1
22 24 43 -1
23 24 43 -1
22 23 24 43 1
25 43 1
26 43 1
28 43 6
3 28 43 -1
7 28 43 -1
3 7 28 43 1
8 28 43 -1
3 8 28 43 1
7 8 28 43 1
3 7 8 28 43 -1
11 28 43 -1
15 28 43 -1
11 15 28 43 1
16 28 43 -1
11 16 28 43 1
15 16 28 43 1
11 15 16 28 43 -1
22 28 43 -1
23 28 43 -1
22 23 28 43 1
25 28 43 -1
26 28 43 -1
29 43 6
3 29 43 -1
7 29 43 -1
3 7 29 43 1
8 29 43 -1
3 8 29 43 1
7 8 29 43 1
3 7 8 29 43 -1
11 29 43 -1
15 29 43 -1
11 15 29 43 1
16 29 43 -1
11 16 29 43 1
15 16 29 43 1
11 15 16 29 43 -1
22 29 43 -1
23 29 43 -1
22 23 29 43 1
25 29 43 -1
26 29 43 -1
28 29 43 -6
3 28 29 43 1
7 28 29 43 1
3 7 28 29 43 -1
8 28 29 43 1
3 8 28 29 43 -1
7 8 28 29 43 -1
3 7 8 28 29 43 1
11 28 29 43 1
15 28 29 43 1
11 15 28 29 43 -1
16 28 29 43 1
11 16 28 29 43 -1
15 16 28 29 43 -1
11 15 16 28 29 43 1
22 28 29 43 1
23 28 29 43 1
22 23 28 29 43 -1
25 28 29 43 1
26 28 29 43 1
30 43 1
28 30 43 -1
29 30 43 -1
28 29 30 43 1
33 43 6
4 33 43 -1
7 33 43 -1
4 7 33 43 1
8 33 43 -1
4 8 33 43 1
7 8 33 43 1
4 7 8 33 43 -1
12 33 43 -1
15 33 43 -1
12 15 33 43 1
16 33 43 -1
12 16 33 43 1
15 16 33 43 1
12 15 16 33 43 -1
19 33 43 -1
22 33 43 -1
19 22 33 43 1
23 33 43 -1
19 23 33 43 1
22 23 33 43 1
19 22 23 33 43 -1
25 33 43 -1
28 33 43 -1
25 28 33 43 1
29 33 43 -1
25 29 33 43 1
28 29 33 43 1
25 28 29 33 43 -1
34 43 6
4 34 43 -1
7 34 43 -1
4 7 34 43 1
8 34 43 -1
4 8 34 43 1
7 8 34 43 1
4 7 8 34 43 -1
12 34 43 -1
15 34 43 -1
12 15 34 43 1
16 34 43 -1
12 16 34 43 1
15 16 34 43 1
12 15 16 34 43 -1
19 34 43 -1
22 34 43 -1
19 22 34 43 1
23 34 43 -1
19 23 34 43 1
22 23 34 43 1
19 22 23 34 43 -1
25 34 43 -1
28 34 43 -1
25 28 34 43 1
29 34 43 -1
25 29 34 43 1
28 29 34 43 1
25 28 29 34 43 -1
33 34 43 -6
4 33 34 43 1
7 33 34 43 1
4 7 33 34 43 -1
8 33 34 43 1
4 8 33 34 43 -1
7 8 33 34 43 -1
4 7 8 33 34 43 1
12 33 34 43 1
15 33 34 43 1
12 15 33 34 43 -1
16 33 34 43 1
12 16 33 34 43 -1
15 16 33 34 43 -1
12 15 16 33 34 43 1
19 33 34 43 1
22 33 34 43 1
19 22 33 34 43 -1
23 33 34 43 1
19 23 33 34 43 -1
22 23 33 34 43 -1
19 22 23 33 34 43 1
2 4 7 8 19 22 23 33 34 43 1
10 12 15 16 19 22 23 33 34 43 1
25 33 34 43 1
28 33 34 43 1
25 28 33 34 43 -1
29 33 34 43 1
25 29 33 34 43 -1
28 29 33 34 43 -1
25 28 29 33 34 43 1
3 4 7 8 25 28 29 33 34 43 1
11 12 15 16 25 28 29 33 34 43 1
35 43 1
33 35 43 -1
34 35 43 -1
33 34 35 43 1
37 43 6
5 37 43 -1
7 37 43 -1
5 7 37 43 1
8 37 43 -1
5 8 37 43 1
7 8 37 43 1
5 7 8 37 43 -1
13 37 43 -1
15 37 43 -1
13 15 37 43 1
16 37 43 -1
13 16 37 43 1
15 16 37 43 1
13 15 16 37 43 -1
20 37 43 -1
22 37 43 -1
20 22 37 43 1
23 37 43 -1
20 23 37 43 1
22 23 37 43 1
20 22 23 37 43 -1
26 37 43 -1
28 37 43 -1
26 28 37 43 1
29 37 43 -1
26 29 37 43 1
28 29 37 43 1
26 28 29 37 43 -1
33 37 43 -1
34 37 43 -1
33 34 37 43 1
38 43 6
5 38 43 -1
7 38 43 -1
5 7 38 43 1
8 38 43 -1
5 8 38 43 1
7 8 38 43 1
5 7 8 38 43 -1
13 38 43 -1
15 38 43 -1
13 15 38 43 1
16 38 43 -1
13 16 38 43 1
15 16 38 43 1
13 15 16 38 43 -1
20 38 43 -1
22 38 43 -1
20 22 38 43 1
23 38 43 -1
20 23 38 43 1
22 23 38 43 1
20 22 23 38 43 -1
26 38 43 -1
28 38 43 -1
26 28 38 43 1
29 38 43 -1
26 29 38 43 1
28 29 38 43 1
26 28 29 38 43 -1
33 38 43 -1
34 38 43 -1
33 34 38 43 1
37 38 43 -6
5 37 38 43 1
7 37 38 43 1
5 7 37 38 43 -1
8 37 38 43 1
5 8 37 38 43 -1
7 8 37 38 43 -1
5 7 8 37 38 43 1
13 37 38 43 1
15 37 38 43 1
13 15 37 38 43 -1
16 37 38 43 1
13 16 37 38 43 -1
15 16 37 38 43 -1
13 15 16 37 38 43 1
20 37 38 43 1
22 37 38 43 1
20 22 37 38 43 -1
23 37 38 43 1
20 23 37 38 43 -1
22 23 37 38 43 -1
20 22 23 37 38 43 1
2 5 7 8 20 22 23 37 38 43 1
10 13 15 16 20 22 23 37 38 43 1
26 37 38 43 1
28 37 38 43 1
26 28 37 38 43 -1
29 37 38 43 1
26 29 37 38 43 -1
28 29 37 38 43 -1
26 28 29 37 38 43 1
3 5 7 8 26 28 29 37 38 43 1
11 13 15 16 26 28 29 37 38 43 1
33 37 38 43 1
34 37 38 43 1
33 34 37 38 43 -1
39 43 1
37 39 43 -1
38 39 43 -1
37 38 39 43 1
2 6 7 8 21 22 23 41 43 1
10 14 15 16 21 22 23 41 43 1
3 6 7 8 27 28 29 41 43 1
11 14 15 16 27 28 29 41 43 1
4 6 7 8 32 33 34 41 43 1
12 14 15 16 32 33 34 41 43 1
19 21 22 23 32 33 34 41 43 1
25 27 28 29 32 33 34 41 43 1
5 6 7 8 36 37 38 41 43 1
13 14 15 16 36 37 38 41 43 1
20 21 22 23 36 37 38 41 43 1
26 27 28 29 36 37 38 41 43 1
44 -21
2 44 1
3 44 1
4 44 1
5 44 1
7 44 6
2 7 44 -1
3 7 44 -1
4 7 44 -1
5 7 44 -1
8 44 1
7 8 44 -1
9 44 6
2 9 44 -1
3 9 44 -1
4 9 44 -1
5 9 44 -1
7 9 44 -6
2 7 9 44 1
3 7 9 44 1
4 7 9 44 1
5 7 9 44 1
8 9 44 -1
7 8 9 44 1
10 44 1
11 44 1
12 44 1
13 44 1
15 44 6
7 15 44 -1
9 15 44 -1
7 9 15 44 1
10 15 44 -1
11 15 44 -1
12 15 44 -1
13 15 44 -1
16 44 1
15 16 44 -1
17 44 6
7 17 44 -1
9 17 44 -1
7 9 17 44 1
10 17 44 -1
11 17 44 -1
12 17 44 -1
13 17 44 -1
15 17 44 -6
7 15 17 44 1
9 15 17 44 1
7 9 15 17 44 -1
10 15 17 44 1
11 15 17 44 1
12 15 17 44 1
13 15 17 44 1
16 17 44 -1
15 16 17 44 1
19 44 1
20 44 1
22 44 6
2 22 44 -1
7 22 44 -1
2 7 22 44 1
9 22 44 -1
2 9 22 44 1
7 9 22 44 1
2 7 9 22 44 -1
10 22 44 -1
15 22 44 -1
10 15 22 44 1
17 22 44 -1
10 17 22 44 1
15 17 22 44 1
10 15 17 22 44 -1
19 22 44 -1
20 22 44 -1
23 44 1
22 23 44 -1
24 44 6
2 24 44 -1
7 24 44 -1
2 7 24 44 1
9 24 44 -1
2 9 24 44 1
7 9 24 44 1
2 7 9 24 44 -1
10 24 44 -1
15 24 44 -1
10 15 24 44 1
17 24 44 -1
10 17 24 44 1
15 17 24 44 1
10 15 17 24 44 -1
19 24 44 -1
20 24 44 -1
22 24 44 -6
2 22 24 44 1
7 22 24 44 1
2 7 22 24 44 -1
9 22 24 44 1
2 9 22 24 44 -1
7 9 22 24 44 -1
2 7 9 22 24 44 1
10 22 24 44 1
15 22 24 44 1
10 15 22 24 44 -1
17 22 24 44 1
10 17 22 24 44 -1
15 17 22 24 44 -1
10 15 17 22 24 44 1
19 22 24 44 1
20 22 24 44 1
23 24 44 -1
22 23 24 44 1
25 44 1
26 44 1
28 44 6
3 28 44 -1
7 28 44 -1
3 7 28 44 1
9 28 44 -1
3 9 28 44 1
7 9 28 44 1
3 7 9 28 44 -1
11 28 44 -1
15 28 44 -1
11 15 28 44 1
17 28 44 -1
11 17 28 44 1
15 17 28 44 1
11 15 17 28 44 -1
22 28 44 -1
24 28 44 -1
22 24 28 44 1
25 28 44 -1
26 28 44 -1
29 44 1
28 29 44 -1
30 44 6
3 30 44 -1
7 30 44 -1
3 7 30 44 1
9 30 44 -1
3 9 30 44 1
7 9 30 44 1
3 7 9 30 44 -1
11 30 44 -1
15 30 44 -1
11 15 30 44 1
17 30 44 -1
11 17 30 44 1
15 17 30 44 1
11 15 17 30 44 -1
22 30 44 -1
24 30 44 -1
22 24 30 44 1
25 30 44 -1
26 30 44 -1
28 30 44 -6
3 28 30 44 1
7 28 30 44 1
3 7 28 30 44 -1
9 28 30 44 1
3 9 28 30 44 -1
7 9 28 30 44 -1
3 7 9 28 30 44 1
11 28 30 44 1
15 28 30 44 1
11 15 28 30 44 -1
17 28 30 44 1
11 17 28 30 44 -1
15 17 28 30 44 -1
11 15 17 28 30 44 1
22 28 30 44 1
24 28 30 44 1
22 24 28 30 44 -1
25 28 30 44 1
26 28 30 44 1
29 30 44 -1
28 29 30 44 1
33 44 6
4 33 44 -1
7 33 44 -1
4 7 33 44 1
9 33 44 -1
4 9 33 44 1
7 9 33 44 1
4 7 9 33 44 -1
12 33 44 -1
15 33 44 -1
12 15 33 44 1
17 33 44 -1
12 17 33 44 1
15 17 33 44 1
12 15 17 33 44 -1
19 33 44 -1
22 33 44 -1
19 22 33 44 1
24 33 44 -1
19 24 33 44 1
22 24 33 44 1
19 22 24 33 44 -1
25 33 44 -1
28 33 44 -1
25 28 33 44 1
30 33 44 -1
25 30 33 44 1
28 30 33 44 1
25 28 30 33 44 -1
34 44 1
33 34 44 -1
35 44 6
4 35 44 -1
7 35 44 -1
4 7 35 44 1
9 35 44 -1
4 9 35 44 1
7 9 35 44 1
4 7 9 35 44 -1
12 35 44 -1
15 35 44 -1
12 15 35 44 1
17 35 44 -1
12 17 35 44 1
15 17 35 44 1
12 15 17 35 44 -1
19 35 44 -1
22 35 44 -1
19 22 35 44 1
24 35 44 -1
19 24 35 44 1
22 24 35 44 1
19 22 24 35 44 -1
25 35 44 -1
28 35 44 -1
25 28 35 44 1
30 35 44 -1
25 30 35 44 1
28 30 35 44 1
25 28 30 35 44 -1
33 35 44 -6
4 33 35 44 1
7 33 35 44 1
4 7 33 35 44 -1
9 33 35 44 1
4 9 33 35 44 -1
7 9 33 35 44 -1
4 7 9 33 35 44 1
12 33 35 44 1
15 33 35 44 1
12 15 33 35 44 -1
17 33 35 44 1
12 17 33 35 44 -1
15 17 33 35 44 -1
12 15 17 33 35 44 1
19 33 35 44 1
22 33 35 44 1
19 22 33 35 44 -1
24 33 35 44 1
19 24 33 35 44 -1
22 24 33 35 44 -1
19 22 24 33 35 44 1
2 4 7 9 19 22 24 33 35 44 1
10 12 15 17 19 22 24 33 35 44 1
25 33 35 44 1
28 33 35 44 1
25 28 33 35 44 -1
30 33 35 44 1
25 30 33 35 44 -1
28 30 33 35 44 -1
25 28 30 33 35 44 1
3 4 7 9 25 28 30 33 35 44 1
11 12 15 17 25 28 30 33 35 44 1
34 35 44 -1
33 34 35 44 1
37 44 6
5 37 44 -1
7 37 44 -1
5 7 37 44 1
9 37 44 -1
5 9 37 44 1
7 9 37 44 1
5 7 9 37 44 -1
13 37 44 -1
15 37 44 -1
13 15 37 44 1
17 37 44 -1
13 17 37 44 1
15 17 37 44 1
13 15 17 37 44 -1
20 37 44 -1
22 37 44 -1
20 22 37 44 1
24 37 44 -1
20 24 37 44 1
22 24 37 44 1
20 22 24 37 44 -1
26 37 44 -1
28 37 44 -1
26 28 37 44 1
30 37 44 -1
26 30 37 44 1
28 30 37 44 1
26 28 30 37 44 -1
33 37 44 -1
35 37 44 -1
33 35 37 44 1
38 44 1
37 38 44 -1
39 44 6
5 39 44 -1
7 39 44 -1
5 7 39 44 1
9 39 44 -1
5 9 39 44 1
7 9 39 44 1
5 7 9 39 44 -1
13 39 44 -1
15 39 44 -1
13 15 39 44 1
17 39 44 -1
13 17 39 44 1
15 17 39 44 1
13 15 17 39 44 -1
20 39 44 -1
22 39 44 -1
20 22 39 44 1
24 39 44 -1
20 24 39 44 1
22 24 39 44 1
20 22 24 39 44 -1
26 39 44 -1
28 39 44 -1
26 28 39 44 1
30 39 44 -1
26 30 39 44 1
28 30 39 44 1
26 28 30 39 44 -1
33 39 44 -1
35 39 44 -1
33 35 39 44 1
37 39 44 -6
5 37 39 44 1
7 37 39 44 1
5 7 37 39 44 -1
9 37 39 44 1
5 9 37 39 44 -1
7 9 37 39 44 -1
5 7 9 37 39 44 1
13 37 39 44 1
15 37 39 44 1
13 15 37 39 44 -1
17 37 39 44 1
13 17 37 39 44 -1
15 17 37 39 44 -1
13 15 17 37 39 44 1
20 37 39 44 1
22 37 39 44 1
20 22 37 39 44 -1
24 37 39 44 1
20 24 37 39 44 -1
22 24 37 39 44 -1
20 22 24 37 39 44 1
2 5 7 9 20 22 24 37 39 44 1
10 13 15 17 20 22 24 37 39 44 1
26 37 39 44 1
28 37 39 44 1
26 28 37 39 44 -1
30 37 39 44 1
26 30 37 39 44 -1
28 30 37 39 44 -1
26 28 30 37 39 44 1
3 5 7 9 26 28 30 37 39 44 1
11 13 15 17 26 28 30 37 39 44 1
33 37 39 44 1
35 37 39 44 1
33 35 37 39 44 -1
38 39 44 -1
37 38 39 44 1
2 6 7 9 21 22 24 42 44 1
10 14 15 17 21 22 24 42 44 1
3 6 7 9 27 28 30 42 44 1
11 14 15 17 27 28 30 42 44 1
4 6 7 9 32 33 35 42 44 1
12 14 15 17 32 33 35 42 44 1
19 21 22 24 32 33 35 42 44 1
25 27 28 30 32 33 35 42 44 1
5 6 7 9 36 37 39 42 44 1
13 14 15 17 36 37 39 42 44 1
20 21 22 24 36 37 39 42 44 1
26 27 28 30 36 37 39 42 44 1
43 44 6
7 43 44 -1
8 43 44 -1
7 8 43 44 1
9 43 44 -1
7 9 43 44 1
8 9 43 44 1
7 8 9 43 44 -1
15 43 44 -1
16 43 44 -1
15 16 43 44 1
17 43 44 -1
15 17 43 44 1
16 17 43 44 1
15 16 17 43 44 -1
22 43 44 -1
23 43 44 -1
22 23 43 44 1
24 43 44 -1
22 24 43 44 1
23 24 43 44 1
22 23 24 43 44 -1
28 43 44 -1
29 43 44 -1
28 29 43 44 1
30 43 44 -1
28 30 43 44 1
29 30 43 44 1
28 29 30 43 44 -1
33 43 44 -1
34 43 44 -1
33 34 43 44 1
35 43 44 -1
33 35 43 44 1
34 35 43 44 1
33 34 35 43 44 -1
37 43 44 -1
38 43 44 -1
37 38 43 44 1
39 43 44 -1
37 39 43 44 1
38 39 43 44 1
37 38 39 43 44 -1
45 -27
2 45 1
3 45 1
4 45 1
5 45 1
6 45 1
7 45 1
8 45 7
2 8 45 -1
3 8 45 -1
4 8 45 -1
5 8 45 -1
6 8 45 -1
7 8 45 -1
9 45 7
2 9 45 -1
3 9 45 -1
4 9 45 -1
5 9 45 -1
6 9 45 -1
7 9 45 -1
8 9 45 -7
2 8 9 45 1
3 8 9 45 1
4 8 9 45 1
5 8 9 45 1
6 8 9 45 1
7 8 9 45 1
10 45 1
11 45 1
12 45 1
13 45 1
14 45 1
15 45 1
16 45 7
8 16 45 -1
9 16 45 -1
8 9 16 45 1
10 16 45 -1
11 16 45 -1
12 16 45 -1
13 16 45 -1
14 16 45 -1
15 16 45 -1
17 45 7
8 17 45 -1
9 17 45 -1
8 9 17 45 1
10 17 45 -1
11 17 45 -1
12 17 45 -1
13 17 45 -1
14 17 45 -1
15 17 45 -1
16 17 45 -7
8 16 17 45 1
9 16 17 45 1
8 9 16 17 45 -1
10 16 17 45 1
11 16 17 45 1
12 16 17 45 1
13 16 17 45 1
14 16 17 45 1
15 16 17 45 1
19 45 1
20 45 1
21 45 1
22 45 1
23 45 7
2 23 45 -1
8 23 45 -1
2 8 23 45 1
9 23 45 -1
2 9 23 45 1
8 9 23 45 1
2 8 9 23 45 -1
10 23 45 -1
16 23 45 -1
10 16 23 45 1
17 23 45 -1
10 17 23 45 1
16 17 23 45 1
10 16 17 23 45 -1
19 23 45 -1
20 23 45 -1
21 23 45 -1
22 23 45 -1
24 45 7
2 24 45 -1
8 24 45 -1
2 8 24 45 1
9 24 45 -1
2 9 24 45 1
8 9 24 45 1
2 8 9 24 45 -1
10 24 45 -1
16 24 45 -1
10 16 24 45 1
17 24 45 -1
10 17 24 45 1
16 17 24 45 1
10 16 17 24 45 -1
19 24 45 -1
20 24 45 -1
21 24 45 -1
22 24 45 -1
23 24 45 -7
2 23 24 45 1
8 23 24 45 1
2 8 23 24 45 -1
9 23 24 45 1
2 9 23 24 45 -1
8 9 23 24 45 -1
2 8 9 23 24 45 1
10 23 24 45 1
16 23 24 45 1
10 16 23 24 45 -1
17 23 24 45 1
10 17 23 24 45 -1
16 17 23 24 45 -1
10 16 17 23 24 45 1
19 23 24 45 1
20 23 24 45 1
21 23 24 45 1
22 23 24 45 1
25 45 1
26 45 1
27 45 1
28 45 1
29 45 7
3 29 45 -1
8 29 45 -1
3 8 29 45 1
9 29 45 -1
3 9 29 45 1
8 9 29 45 1
3 8 9 29 45 -1
11 29 45 -1
16 29 45 -1
11 16 29 45 1
17 29 45 -1
11 17 29 45 1
16 17 29 45 1
11 16 17 29 45 -1
23 29 45 -1
24 29 45 -1
23 24 29 45 1
25 29 45 -1
26 29 45 -1
27 29 45 -1
28 29 45 -1
30 45 7
3 30 45 -1
8 30 45 -1
3 8 30 45 1
9 30 45 -1
3 9 30 45 1
8 9 30 45 1
3 8 9 30 45 -1
11 30 45 -1
16 30 45 -1
11 16 30 45 1
17 30 45 -1
11 17 30 45 1
16 17 30 45 1
11 16 17 30 45 -1
23 30 45 -1
24 30 45 -1
23 24 30 45 1
25 30 45 -1
26 30 45 -1
27 30 45 -1
28 30 45 -1
29 30 45 -7
3 29 30 45 1
8 29 30 45 1
3 8 29 30 45 -1
9 29 30 45 1
3 9 29 30 45 -1
8 9 29 30 45 -1
3 8 9 29 30 45 1
11 29 30 45 1
16 29 30 45 1
11 16 29 30 45 -1
17 29 30 45 1
11 17 29 30 45 -1
16 17 29 30 45 -1
11 16 17 29 30 45 1
23 29 30 45 1
24 29 30 45 1
23 24 29 30 45 -1
25 29 30 45 1
26 29 30 45 1
27 29 30 45 1
28 29 30 45 1
32 45 1
33 45 1
34 45 7
4 34 45 -1
8 34 45 -1
4 8 34 45 1
9 34 45 -1
4 9 34 45 1
8 9 34 45 1
4 8 9 34 45 -1
12 34 45 -1
16 34 45 -1
12 16 34 45 1
17 34 45 -1
12 17 34 45 1
16 17 34 45 1
12 16 17 34 45 -1
19 34 45 -1
23 34 45 -1
19 23 34 45 1
24 34 45 -1
19 24 34 45 1
23 24 34 45 1
19 23 24 34 45 -1
25 34 45 -1
29 34 45 -1
25 29 34 45 1
30 34 45 -1
25 30 34 45 1
29 30 34 45 1
25 29 30 34 45 -1
32 34 45 -1
33 34 45 -1
35 45 7
4 35 45 -1
8 35 45 -1
4 8 35 45 1
9 35 45 -1
4 9 35 45 1
8 9 35 45 1
4 8 9 35 45 -1
12 35 45 -1
16 35 45 -1
12 16 35 45 1
17 35 45 -1
12 17 35 45 1
16 17 35 45 1
12 16 17 35 45 -1
19 35 45 -1
23 35 45 -1
19 23 35 45 1
24 35 45 -1
19 24 35 45 1
23 24 35 45 1
19 23 24 35 45 -1
25 35 45 -1
29 35 45 -1
25 29 35 45 1
30 35 45 -1
25 30 35 45 1
29 30 35 45 1
25 29 30 35 45 -1
32 35 45 -1
33 35 45 -1
34 35 45 -7
4 34 35 45 1
8 34 35 45 1
4 8 34 35 45 -1
9 34 35 45 1
4 9 34 35 45 -1
8 9 34 35 45 -1
4 8 9 34 35 45 1
12 34 35 45 1
16 34 35 45 1
12 16 34 35 45 -1
17 34 35 45 1
12 17 34 35 45 -1
16 17 34 35 45 -1
12 16 17 34 35 45 1
19 34 35 45 1
23 34 35 45 1
19 23 34 35 45 -1
24 34 35 45 1
19 24 34 35 45 -1
23 24 34 35 45 -1
19 23 24 34 35 45 1
2 4 8 9 19 23 24 34 35 45 1
10 12 16 17 19 23 24 34 35 45 1
25 34 35 45 1
29 34 35 45 1
25 29 34 35 45 -1
30 34 35 45 1
25 30 34 35 45 -1
29 30 34 35 45 -1
25 29 30 34 35 45 1
3 4 8 9 25 29 30 34 35 45 1
11 12 16 17 25 29 30 34 35 45 1
32 34 35 45 1
33 34 35 45 1
36 45 1
37 45 1
38 45 7
5 38 45 -1
8 38 45 -1
5 8 38 45 1
9 38 45 -1
5 9 38 45 1
8 9 38 45 1
5 8 9 38 45 -1
13 38 45 -1
16 38 45 -1
13 16 38 45 1
17 38 45 -1
13 17 38 45 1
16 17 38 45 1
13 16 17 38 45 -1
20 38 45 -1
23 38 45 -1
20 23 38 45 1
24 38 45 -1
20 24 38 45 1
23 24 38 45 1
20 23 24 38 45 -1
26 38 45 -1
29 38 45 -1
26 29 38 45 1
30 38 45 -1
26 30 38 45 1
29 30 38 45 1
26 29 30 38 45 -1
34 38 45 -1
35 38 45 -1
34 35 38 45 1
36 38 45 -1
37 38 45 -1
39 45 7
5 39 45 -1
8 39 45 -1
5 8 39 45 1
9 39 45 -1
5 9 39 45 1
8 9 39 45 1
5 8 9 39 45 -1
13 39 45 -1
16 39 45 -1
13 16 39 45 1
17 39 45 -1
13 17 39 45 1
16 17 39 45 1
13 16 17 39 45 -1
20 39 45 -1
23 39 45 -1
20 23 39 45 1
24 39 45 -1
20 24 39 45 1
23 24 39 45 1
20 23 24 39 45 -1
26 39 45 -1
29 39 45 -1
26 29 39 45 1
30 39 45 -1
26 30 39 45 1
29 30 39 45 1
26 29 30 39 45 -1
34 39 45 -1
35 39 45 -1
34 35 39 45 1
36 39 45 -1
37 39 45 -1
38 39 45 -7
5 38 39 45 1
8 38 39 45 1
5 8 38 39 45 -1
9 38 39 45 1
5 9 38 39 45 -1
8 9 38 39 45 -1
5 8 9 38 39 45 1
13 38 39 45 1
16 38 39 45 1
13 16 38 39 45 -1
17 38 39 45 1
13 17 38 39 45 -1
16 17 38 39 45 -1
13 16 17 38 39 45 1
20 38 39 45 1
23 38 39 45 1
20 23 38 39 45 -1
24 38 39 45 1
20 24 38 39 45 -1
23 24 38 39 45 -1
20 23 24 38 39 45 1
2 5 8 9 20 23 24 38 39 45 1
10 13 16 17 20 23 24 38 39 45 1
26 38 39 45 1
29 38 39 45 1
26 29 38 39 45 -1
30 38 39 45 1
26 30 38 39 45 -1
29 30 38 39 45 -1
26 29 30 38 39 45 1
3 5 8 9 26 29 30 38 39 45 1
11 13 16 17 26 29 30 38 39 45 1
34 38 39 45 1
35 38 39 45 1
34 35 38 39 45 -1
36 38 39 45 1
37 38 39 45 1
41 45 6
6 41 45 -1
8 41 45 -1
6 8 41 45 1
9 41 45 -1
6 9 41 45 1
8 9 41 45 1
6 8 9 41 45 -1
14 41 45 -1
16 41 45 -1
14 16 41 45 1
17 41 45 -1
14 17 41 45 1
16 17 41 45 1
14 16 17 41 45 -1
21 41 45 -1
23 41 45 -1
21 23 41 45 1
24 41 45 -1
21 24 41 45 1
23 24 41 45 1
21 23 24 41 45 -1
27 41 45 -1
29 41 45 -1
27 29 41 45 1
30 41 45 -1
27 30 41 45 1
29 30 41 45 1
27 29 30 41 45 -1
32 41 45 -1
34 41 45 -1
32 34 41 45 1
35 41 45 -1
32 35 41 45 1
34 35 41 45 1
32 34 35 41 45 -1
36 41 45 -1
38 41 45 -1
36 38 41 45 1
39 41 45 -1
36 39 41 45 1
38 39 41 45 1
36 38 39 41 45 -1
42 45 6
6 42 45 -1
8 42 45 -1
6 8 42 45 1
9 42 45 -1
6 9 42 45 1
8 9 42 45 1
6 8 9 42 45 -1
14 42 45 -1
16 42 45 -1
14 16 42 45 1
17 42 45 -1
14 17 42 45 1
16 17 42 45 1
14 16 17 42 45 -1
21 42 45 -1
23 42 45 -1
21 23 42 45 1
24 42 45 -1
21 24 42 45 1
23 24 42 45 1
21 23 24 42 45 -1
27 42 45 -1
29 42 45 -1
27 29 42 45 1
30 42 45 -1
27 30 42 45 1
29 30 42 45 1
27 29 30 42 45 -1
32 42 45 -1
34 42 45 -1
32 34 42 45 1
35 42 45 -1
32 35 42 45 1
34 35 42 45 1
32 34 35 42 45 -1
36 42 45 -1
38 42 45 -1
36 38 42 45 1
39 42 45 -1
36 39 42 45 1
38 39 42 45 1
36 38 39 42 45 -1
41 42 45 -6
6 41 42 45 1
8 41 42 45 1
6 8 41 42 45 -1
9 41 42 45 1
6 9 41 42 45 -1
8 9 41 42 45 -1
6 8 9 41 42 45 1
14 41 42 45 1
16 41 42 45 1
14 16 41 42 45 -1
17 41 42 45 1
14 17 41 42 45 -1
16 17 41 42 45 -1
14 16 17 41 42 45 1
21 41 42 45 1
23 41 42 45 1
21 23 41 42 45 -1
24 41 42 45 1
21 24 41 42 45 -1
23 24 41 42 45 -1
21 23 24 41 42 45 1
2 6 8 9 21 23 24 41 42 45 1
10 14 16 17 21 23 24 41 42 45 1
27 41 42 45 1
29 41 42 45 1
27 29 41 42 45 -1
30 41 42 45 1
27 30 41 42 45 -1
29 30 41 42 45 -1
27 29 30 41 42 45 1
3 6 8 9 27 29 30 41 42 45 1
11 14 16 17 27 29 30 41 42 45 1
32 41 42 45 1
34 41 42 45 1
32 34 41 42 45 -1
35 41 42 45 1
32 35 41 42 45 -1
34 35 41 42 45 -1
32 34 35 41 42 45 1
4 6 8 9 32 34 35 41 42 45 1
12 14 16 17 32 34 35 41 42 45 1
19 21 23 24 32 34 35 41 42 45 1
25 27 29 30 32 34 35 41 42 45 1
36 41 42 45 1
38 41 42 45 1
36 38 41 42 45 -1
39 41 42 45 1
36 39 41 42 45 -1
38 39 41 42 45 -1
36 38 39 41 42 45 1
5 6 8 9 36 38 39 41 42 45 1
13 14 16 17 36 38 39 41 42 45 1
20 21 23 24 36 38 39 41 42 45 1
26 27 29 30 36 38 39 41 42 45 1
43 45 6
7 43 45 -1
8 43 45 -1
7 8 43 45 1
9 43 45 -1
7 9 43 45 1
8 9 43 45 1
7 8 9 43 45 -1
15 43 45 -1
16 43 45 -1
15 16 43 45 1
17 43 45 -1
15 17 43 45 1
16 17 43 45 1
15 16 17 43 45 -1
22 43 45 -1
23 43 45 -1
22 23 43 45 1
24 43 45 -1
22 24 43 45 1
23 24 43 45 1
22 23 24 43 45 -1
28 43 45 -1
29 43 45 -1
28 29 43 45 1
30 43 45 -1
28 30 43 45 1
29 30 43 45 1
28 29 30 43 45 -1
33 43 45 -1
34 43 45 -1
33 34 43 45 1
35 43 45 -1
33 35 43 45 1
34 35 43 45 1
33 34 35 43 45 -1
37 43 45 -1
38 43 45 -1
37 38 43 45 1
39 43 45 -1
37 39 43 45 1
38 39 43 45 1
37 38 39 43 45 -1
44 45 6
7 44 45 -1
8 44 45 -1
7 8 44 45 1
9 44 45 -1
7 9 44 45 1
8 9 44 45 1
7 8 9 44 45 -1
15 44 45 -1
16 44 45 -1
15 16 44 45 1
17 44 45 -1
15 17 44 45 1
16 17 44 45 1
15 16 17 44 45 -1
22 44 45 -1
23 44 45 -1
22 23 44 45 1
24 44 45 -1
22 24 44 45 1
23 24 44 45 1
22 23 24 44 45 -1
28 44 45 -1
29 44 45 -1
28 29 44 45 1
30 44 45 -1
28 30 44 45 1
29 30 44 45 1
28 29 30 44 45 -1
33 44 45 -1
34 44 45 -1
33 34 44 45 1
35 44 45 -1
33 35 44 45 1
34 35 44 45 1
33 34 35 44 45 -1
37 44 45 -1
38 44 45 -1
37 38 44 45 1
39 44 45 -1
37 39 44 45 1
38 39 44 45 1
37 38 39 44 45 -1
43 44 45 -6
7 43 44 45 1
8 43 44 45 1
7 8 43 44 45 -1
9 43 44 45 1
7 9 43 44 45 -1
8 9 43 44 45 -1
7 8 9 43 44 45 1
15 43 44 45 1
16 43 44 45 1
15 16 43 44 45 -1
17 43 44 45 1
15 17 43 44 45 -1
16 17 43 44 45 -1
15 16 17 43 44 45 1
22 43 44 45 1
23 43 44 45 1
22 23 43 44 45 -1
24 43 44 45 1
22 24 43 44 45 -1
23 24 43 44 45 -1
22 23 24 43 44 45 1
2 7 8 9 22 23 24 43 44 45 1
10 15 16 17 22 23 24 43 44 45 1
28 43 44 45 1
29 43 44 45 1
28 29 43 44 45 -1
30 43 44 45 1
28 30 43 44 45 -1
29 30 43 44 45 -1
28 29 30 43 44 45 1
3 7 8 9 28 29 30 43 44 45 1
11 15 16 17 28 29 30 43 44 45 1
33 43 44 45 1
34 43 44 45 1
33 34 43 44 45 -1
35 43 44 45 1
33 35 43 44 45 -1
34 35 43 44 45 -1
33 34 35 43 44 45 1
4 7 8 9 33 34 35 43 44 45 1
12 15 16 17 33 34 35 43 44 45 1
19 22 23 24 33 34 35 43 44 45 1
25 28 29 30 33 34 35 43 44 45 1
37 43 44 45 1
38 43 44 45 1
37 38 43 44 45 -1
39 43 44 45 1
37 39 43 44 45 -1
38 39 43 44 45 -1
37 38 39 43 44 45 1
5 7 8 9 37 38 39 43 44 45 1
13 15 16 17 37 38 39 43 44 45 1
20 22 23 24 37 38 39 43 44 45 1
26 28 29 30 37 38 39 43 44 45 1
6 7 8 9 41 42 43 44 45 1
14 15 16 17 41 42 43 44 45 1
21 22 23 24 41 42 43 44 45 1
27 28 29 30 41 42 43 44 45 1
32 33 34 35 41 42 43 44 45 1
36 37 38 39 41 42 43 44 45 1
#
