55
2 -14
3 -14
2 3 5
4 -10
2 4 4
3 4 4
2 3 4 -1
5 -10
2 5 4
3 5 4
2 3 5 -1
6 -14
2 6 5
3 6 5
2 3 6 -1
4 6 4
2 4 6 -1
3 4 6 -1
5 6 4
2 5 6 -1
3 5 6 -1
7 -14
2 7 5
3 7 5
2 3 7 -1
4 7 4
2 4 7 -1
3 4 7 -1
5 7 4
2 5 7 -1
3 5 7 -1
6 7 5
2 6 7 -1
3 6 7 -1
4 6 7 -1
5 6 7 -1
8 -14
2 8 5
3 8 1
2 3 8 -1
4 8 1
2 4 8 -1
5 8 1
2 5 8 -1
6 8 1
2 6 8 -1
7 8 1
2 7 8 -1
9 -14
2 9 1
3 9 5
2 3 9 -1
4 9 1
3 4 9 -1
5 9 1
3 5 9 -1
6 9 1
3 6 9 -1
7 9 1
3 7 9 -1
8 9 5
2 8 9 -1
3 8 9 -1
2 3 8 9 1
10 -10
2 10 1
3 10 1
4 10 4
2 4 10 -1
3 4 10 -1
6 10 1
4 6 10 -1
7 10 1
4 7 10 -1
8 10 4
2 8 10 -1
4 8 10 -1
2 4 8 10 1
9 10 4
3 9 10 -1
4 9 10 -1
3 4 9 10 1
8 9 10 -1
11 -10
2 11 1
3 11 1
5 11 4
2 5 11 -1
3 5 11 -1
6 11 1
5 6 11 -1
7 11 1
5 7 11 -1
8 11 4
2 8 11 -1
5 8 11 -1
2 5 8 11 1
9 11 4
3 9 11 -1
5 9 11 -1
3 5 9 11 1
8 9 11 -1
12 -14
2 12 1
3 12 1
4 12 1
5 12 1
6 12 5
2 6 12 -1
3 6 12 -1
4 6 12 -1
5 6 12 -1
7 12 1
6 7 12 -1
8 12 5
2 8 12 -1
6 8 12 -1
2 6 8 12 1
9 12 5
3 9 12 -1
6 9 12 -1
3 6 9 12 1
8 9 12 -1
10 12 4
4 10 12 -1
6 10 12 -1
4 6 10 12 1
8 10 12 -1
9 10 12 -1
11 12 4
5 11 12 -1
6 11 12 -1
5 6 11 12 1
8 11 12 -1
9 11 12 -1
13 -14
2 13 1
3 13 1
4 13 1
5 13 1
6 13 1
7 13 5
2 7 13 -1
3 7 13 -1
4 7 13 -1
5 7 13 -1
6 7 13 -1
8 13 5
2 8 13 -1
7 8 13 -1
2 7 8 13 1
9 13 5
3 9 13 -1
7 9 13 -1
3 7 9 13 1
8 9 13 -1
10 13 4
4 10 13 -1
7 10 13 -1
4 7 10 13 1
8 10 13 -1
9 10 13 -1
11 13 4
5 11 13 -1
7 11 13 -1
5 7 11 13 1
8 11 13 -1
9 11 13 -1
12 13 5
6 12 13 -1
7 12 13 -1
6 7 12 13 1
8 12 13 -1
9 12 13 -1
10 12 13 -1
11 12 13 -1
15 -10
2 15 4
3 15 1
2 3 15 -1
4 15 4
2 4 15 -4
3 4 15 -1
2 3 4 15 1
6 15 1
2 6 15 -1
4 6 15 -1
2 4 6 15 1
7 15 1
2 7 15 -1
4 7 15 -1
2 4 7 15 1
8 15 4
2 8 15 -1
4 8 15 -1
2 4 8 15 1
9 15 1
8 9 15 -1
10 15 4
2 10 15 -1
4 10 15 -1
2 4 10 15 1
8 10 15 -4
2 8 10 15 1
4 8 10 15 1
2 4 8 10 15 -1
9 10 15 -1
8 9 10 15 1
12 15 1
8 12 15 -1
10 12 15 -1
8 10 12 15 1
13 15 1
8 13 15 -1
10 13 15 -1
8 10 13 15 1
16 -10
2 16 4
3 16 1
2 3 16 -1
5 16 4
2 5 16 -4
3 5 16 -1
2 3 5 16 1
6 16 1
2 6 16 -1
5 6 16 -1
2 5 6 16 1
7 16 1
2 7 16 -1
5 7 16 -1
2 5 7 16 1
8 16 4
2 8 16 -1
5 8 16 -1
2 5 8 16 1
9 16 1
8 9 16 -1
11 16 4
2 11 16 -1
5 11 16 -1
2 5 11 16 1
8 11 16 -4
2 8 11 16 1
5 8 11 16 1
2 5 8 11 16 -1
9 11 16 -1
8 9 11 16 1
12 16 1
8 12 16 -1
11 12 16 -1
8 11 12 16 1
13 16 1
8 13 16 -1
11 13 16 -1
8 11 13 16 1
17 -14
2 17 5
3 17 1
2 3 17 -1
4 17 1
2 4 17 -1
5 17 1
2 5 17 -1
6 17 5
2 6 17 -5
3 6 17 -1
2 3 6 17 1
4 6 17 -1
2 4 6 17 1
5 6 17 -1
2 5 6 17 1
7 17 1
2 7 17 -1
6 7 17 -1
2 6 7 17 1
8 17 5
2 8 17 -1
6 8 17 -1
2 6 8 17 1
9 17 1
8 9 17 -1
10 17 1
8 10 17 -1
11 17 1
8 11 17 -1
12 17 5
2 12 17 -1
6 12 17 -1
2 6 12 17 1
8 12 17 -5
2 8 12 17 1
6 8 12 17 1
2 6 8 12 17 -1
9 12 17 -1
8 9 12 17 1
10 12 17 -1
8 10 12 17 1
11 12 17 -1
8 11 12 17 1
13 17 1
8 13 17 -1
12 13 17 -1
8 12 13 17 1
15 17 4
2 15 17 -1
4 15 17 -1
2 4 15 17 1
6 15 17 -1
2 6 15 17 1
4 6 15 17 1
2 4 6 15 17 -1
8 15 17 -1
10 15 17 -1
8 10 15 17 1
12 15 17 -1
8 12 15 17 1
10 12 15 17 1
8 10 12 15 17 -1
16 17 4
2 16 17 -1
5 16 17 -1
2 5 16 17 1
6 16 17 -1
2 6 16 17 1
5 6 16 17 1
2 5 6 16 17 -1
8 16 17 -1
11 16 17 -1
8 11 16 17 1
12 16 17 -1
8 12 16 17 1
11 12 16 17 1
8 11 12 16 17 -1
18 -14
2 18 5
3 18 1
2 3 18 -1
4 18 1
2 4 18 -1
5 18 1
2 5 18 -1
6 18 1
2 6 18 -1
7 18 5
2 7 18 -5
3 7 18 -1
2 3 7 18 1
4 7 18 -1
2 4 7 18 1
5 7 18 -1
2 5 7 18 1
6 7 18 -1
2 6 7 18 1
8 18 5
2 8 18 -1
7 8 18 -1
2 7 8 18 1
9 18 1
8 9 18 -1
10 18 1
8 10 18 -1
11 18 1
8 11 18 -1
12 18 1
8 12 18 -1
13 18 5
2 13 18 -1
7 13 18 -1
2 7 13 18 1
8 13 18 -5
2 8 13 18 1
7 8 13 18 1
2 7 8 13 18 -1
9 13 18 -1
8 9 13 18 1
10 13 18 -1
8 10 13 18 1
11 13 18 -1
8 11 13 18 1
12 13 18 -1
8 12 13 18 1
15 18 4
2 15 18 -1
4 15 18 -1
2 4 15 18 1
7 15 18 -1
2 7 15 18 1
4 7 15 18 1
2 4 7 15 18 -1
8 15 18 -1
10 15 18 -1
8 10 15 18 1
13 15 18 -1
8 13 15 18 1
10 13 15 18 1
8 10 13 15 18 -1
16 18 4
2 16 18 -1
5 16 18 -1
2 5 16 18 1
7 16 18 -1
2 7 16 18 1
5 7 16 18 1
2 5 7 16 18 -1
8 16 18 -1
11 16 18 -1
8 11 16 18 1
13 16 18 -1
8 13 16 18 1
11 13 16 18 1
8 11 13 16 18 -1
17 18 5
2 17 18 -1
6 17 18 -1
2 6 17 18 1
7 17 18 -1
2 7 17 18 1
6 7 17 18 1
2 6 7 17 18 -1
8 17 18 -1
12 17 18 -1
8 12 17 18 1
13 17 18 -1
8 13 17 18 1
12 13 17 18 1
8 12 13 17 18 -1
15 17 18 -1
16 17 18 -1
19 -10
2 19 1
3 19 4
2 3 19 -1
4 19 4
2 4 19 -1
3 4 19 -4
2 3 4 19 1
6 19 1
3 6 19 -1
4 6 19 -1
3 4 6 19 1
7 19 1
3 7 19 -1
4 7 19 -1
3 4 7 19 1
8 19 1
9 19 4
3 9 19 -1
4 9 19 -1
3 4 9 19 1
8 9 19 -1
10 19 4
3 10 19 -1
4 10 19 -1
3 4 10 19 1
8 10 19 -1
9 10 19 -4
3 9 10 19 1
4 9 10 19 1
3 4 9 10 19 -1
8 9 10 19 1
12 19 1
9 12 19 -1
10 12 19 -1
9 10 12 19 1
13 19 1
9 13 19 -1
10 13 19 -1
9 10 13 19 1
15 19 4
2 15 19 -1
3 15 19 -1
2 3 15 19 1
4 15 19 -1
2 4 15 19 1
3 4 15 19 1
2 3 4 15 19 -1
8 15 19 -1
9 15 19 -1
8 9 15 19 1
10 15 19 -1
8 10 15 19 1
9 10 15 19 1
8 9 10 15 19 -1
17 19 1
15 17 19 -1
18 19 1
15 18 19 -1
20 -10
2 20 1
3 20 4
2 3 20 -1
5 20 4
2 5 20 -1
3 5 20 -4
2 3 5 20 1
6 20 1
3 6 20 -1
5 6 20 -1
3 5 6 20 1
7 20 1
3 7 20 -1
5 7 20 -1
3 5 7 20 1
8 20 1
9 20 4
3 9 20 -1
5 9 20 -1
3 5 9 20 1
8 9 20 -1
11 20 4
3 11 20 -1
5 11 20 -1
3 5 11 20 1
8 11 20 -1
9 11 20 -4
3 9 11 20 1
5 9 11 20 1
3 5 9 11 20 -1
8 9 11 20 1
12 20 1
9 12 20 -1
11 12 20 -1
9 11 12 20 1
13 20 1
9 13 20 -1
11 13 20 -1
9 11 13 20 1
16 20 4
2 16 20 -1
3 16 20 -1
2 3 16 20 1
5 16 20 -1
2 5 16 20 1
3 5 16 20 1
2 3 5 16 20 -1
8 16 20 -1
9 16 20 -1
8 9 16 20 1
11 16 20 -1
8 11 16 20 1
9 11 16 20 1
8 9 11 16 20 -1
17 20 1
16 17 20 -1
18 20 1
16 18 20 -1
21 -14
2 21 1
3 21 5
2 3 21 -1
4 21 1
3 4 21 -1
5 21 1
3 5 21 -1
6 21 5
2 6 21 -1
3 6 21 -5
2 3 6 21 1
4 6 21 -1
3 4 6 21 1
5 6 21 -1
3 5 6 21 1
7 21 1
3 7 21 -1
6 7 21 -1
3 6 7 21 1
8 21 1
9 21 5
3 9 21 -1
6 9 21 -1
3 6 9 21 1
8 9 21 -1
10 21 1
9 10 21 -1
11 21 1
9 11 21 -1
12 21 5
3 12 21 -1
6 12 21 -1
3 6 12 21 1
8 12 21 -1
9 12 21 -5
3 9 12 21 1
6 9 12 21 1
3 6 9 12 21 -1
8 9 12 21 1
10 12 21 -1
9 10 12 21 1
11 12 21 -1
9 11 12 21 1
13 21 1
9 13 21 -1
12 13 21 -1
9 12 13 21 1
15 21 1
16 21 1
17 21 5
2 17 21 -1
3 17 21 -1
2 3 17 21 1
6 17 21 -1
2 6 17 21 1
3 6 17 21 1
2 3 6 17 21 -1
8 17 21 -1
9 17 21 -1
8 9 17 21 1
12 17 21 -1
8 12 17 21 1
9 12 17 21 1
8 9 12 17 21 -1
15 17 21 -1
16 17 21 -1
18 21 1
17 18 21 -1
19 21 4
3 19 21 -1
4 19 21 -1
3 4 19 21 1
6 19 21 -1
3 6 19 21 1
4 6 19 21 1
3 4 6 19 21 -1
9 19 21 -1
10 19 21 -1
9 10 19 21 1
12 19 21 -1
9 12 19 21 1
10 12 19 21 1
9 10 12 19 21 -1
15 19 21 -1
17 19 21 -1
15 17 19 21 1
20 21 4
3 20 21 -1
5 20 21 -1
3 5 20 21 1
6 20 21 -1
3 6 20 21 1
5 6 20 21 1
3 5 6 20 21 -1
9 20 21 -1
11 20 21 -1
9 11 20 21 1
12 20 21 -1
9 12 20 21 1
11 12 20 21 1
9 11 12 20 21 -1
16 20 21 -1
17 20 21 -1
16 17 20 21 1
22 -14
2 22 1
3 22 5
2 3 22 -1
4 22 1
3 4 22 -1
5 22 1
3 5 22 -1
6 22 1
3 6 22 -1
7 22 5
2 7 22 -1
3 7 22 -5
2 3 7 22 1
4 7 22 -1
3 4 7 22 1
5 7 22 -1
3 5 7 22 1
6 7 22 -1
3 6 7 22 1
8 22 1
9 22 5
3 9 22 -1
7 9 22 -1
3 7 9 22 1
8 9 22 -1
10 22 1
9 10 22 -1
11 22 1
9 11 22 -1
12 22 1
9 12 22 -1
13 22 5
3 13 22 -1
7 13 22 -1
3 7 13 22 1
8 13 22 -1
9 13 22 -5
3 9 13 22 1
7 9 13 22 1
3 7 9 13 22 -1
8 9 13 22 1
10 13 22 -1
9 10 13 22 1
11 13 22 -1
9 11 13 22 1
12 13 22 -1
9 12 13 22 1
15 22 1
16 22 1
17 22 1
18 22 5
2 18 22 -1
3 18 22 -1
2 3 18 22 1
7 18 22 -1
2 7 18 22 1
3 7 18 22 1
2 3 7 18 22 -1
8 18 22 -1
9 18 22 -1
8 9 18 22 1
13 18 22 -1
8 13 18 22 1
9 13 18 22 1
8 9 13 18 22 -1
15 18 22 -1
16 18 22 -1
17 18 22 -1
19 22 4
3 19 22 -1
4 19 22 -1
3 4 19 22 1
7 19 22 -1
3 7 19 22 1
4 7 19 22 1
3 4 7 19 22 -1
9 19 22 -1
10 19 22 -1
9 10 19 22 1
13 19 22 -1
9 13 19 22 1
10 13 19 22 1
9 10 13 19 22 -1
15 19 22 -1
18 19 22 -1
15 18 19 22 1
20 22 4
3 20 22 -1
5 20 22 -1
3 5 20 22 1
7 20 22 -1
3 7 20 22 1
5 7 20 22 1
3 5 7 20 22 -1
9 20 22 -1
11 20 22 -1
9 11 20 22 1
13 20 22 -1
9 13 20 22 1
11 13 20 22 1
9 11 13 20 22 -1
16 20 22 -1
18 20 22 -1
16 18 20 22 1
21 22 5
3 21 22 -1
6 21 22 -1
3 6 21 22 1
7 21 22 -1
3 7 21 22 1
6 7 21 22 1
3 6 7 21 22 -1
9 21 22 -1
12 21 22 -1
9 12 21 22 1
13 21 22 -1
9 13 21 22 1
12 13 21 22 1
9 12 13 21 22 -1
17 21 22 -1
18 21 22 -1
17 18 21 22 1
19 21 22 -1
20 21 22 -1
24 -10
2 24 1
3 24 1
4 24 4
2 4 24 -1
3 4 24 -1
6 24 4
2 6 24 -1
3 6 24 -1
4 6 24 -4
2 4 6 24 1
3 4 6 24 1
7 24 1
4 7 24 -1
6 7 24 -1
4 6 7 24 1
8 24 1
9 24 1
10 24 4
4 10 24 -1
6 10 24 -1
4 6 10 24 1
8 10 24 -1
9 10 24 -1
12 24 4
4 12 24 -1
6 12 24 -1
4 6 12 24 1
8 12 24 -1
9 12 24 -1
10 12 24 -4
4 10 12 24 1
6 10 12 24 1
4 6 10 12 24 -1
8 10 12 24 1
9 10 12 24 1
13 24 1
10 13 24 -1
12 13 24 -1
10 12 13 24 1
15 24 4
2 15 24 -1
4 15 24 -1
2 4 15 24 1
6 15 24 -1
2 6 15 24 1
4 6 15 24 1
2 4 6 15 24 -1
8 15 24 -1
10 15 24 -1
8 10 15 24 1
12 15 24 -1
8 12 15 24 1
10 12 15 24 1
8 10 12 15 24 -1
17 24 4
2 17 24 -1
4 17 24 -1
2 4 17 24 1
6 17 24 -1
2 6 17 24 1
4 6 17 24 1
2 4 6 17 24 -1
8 17 24 -1
10 17 24 -1
8 10 17 24 1
12 17 24 -1
8 12 17 24 1
10 12 17 24 1
8 10 12 17 24 -1
15 17 24 -4
2 15 17 24 1
4 15 17 24 1
2 4 15 17 24 -1
6 15 17 24 1
2 6 15 17 24 -1
4 6 15 17 24 -1
2 4 6 15 17 24 1
8 15 17 24 1
10 15 17 24 1
8 10 15 17 24 -1
12 15 17 24 1
8 12 15 17 24 -1
10 12 15 17 24 -1
8 10 12 15 17 24 1
18 24 1
15 18 24 -1
17 18 24 -1
15 17 18 24 1
19 24 4
3 19 24 -1
4 19 24 -1
3 4 19 24 1
6 19 24 -1
3 6 19 24 1
4 6 19 24 1
3 4 6 19 24 -1
9 19 24 -1
10 19 24 -1
9 10 19 24 1
12 19 24 -1
9 12 19 24 1
10 12 19 24 1
9 10 12 19 24 -1
15 19 24 -1
17 19 24 -1
15 17 19 24 1
21 24 4
3 21 24 -1
4 21 24 -1
3 4 21 24 1
6 21 24 -1
3 6 21 24 1
4 6 21 24 1
3 4 6 21 24 -1
9 21 24 -1
10 21 24 -1
9 10 21 24 1
12 21 24 -1
9 12 21 24 1
10 12 21 24 1
9 10 12 21 24 -1
15 21 24 -1
17 21 24 -1
15 17 21 24 1
19 21 24 -4
3 19 21 24 1
4 19 21 24 1
3 4 19 21 24 -1
6 19 21 24 1
3 6 19 21 24 -1
4 6 19 21 24 -1
3 4 6 19 21 24 1
9 19 21 24 1
10 19 21 24 1
9 10 19 21 24 -1
12 19 21 24 1
9 12 19 21 24 -1
10 12 19 21 24 -1
9 10 12 19 21 24 1
15 19 21 24 1
17 19 21 24 1
15 17 19 21 24 -1
22 24 1
19 22 24 -1
21 22 24 -1
19 21 22 24 1
25 -10
2 25 1
3 25 1
4 25 4
2 4 25 -1
3 4 25 -1
6 25 1
4 6 25 -1
7 25 4
2 7 25 -1
3 7 25 -1
4 7 25 -4
2 4 7 25 1
3 4 7 25 1
6 7 25 -1
4 6 7 25 1
8 25 1
9 25 1
10 25 4
4 10 25 -1
7 10 25 -1
4 7 10 25 1
8 10 25 -1
9 10 25 -1
12 25 1
10 12 25 -1
13 25 4
4 13 25 -1
7 13 25 -1
4 7 13 25 1
8 13 25 -1
9 13 25 -1
10 13 25 -4
4 10 13 25 1
7 10 13 25 1
4 7 10 13 25 -1
8 10 13 25 1
9 10 13 25 1
12 13 25 -1
10 12 13 25 1
15 25 4
2 15 25 -1
4 15 25 -1
2 4 15 25 1
7 15 25 -1
2 7 15 25 1
4 7 15 25 1
2 4 7 15 25 -1
8 15 25 -1
10 15 25 -1
8 10 15 25 1
13 15 25 -1
8 13 15 25 1
10 13 15 25 1
8 10 13 15 25 -1
17 25 1
15 17 25 -1
18 25 4
2 18 25 -1
4 18 25 -1
2 4 18 25 1
7 18 25 -1
2 7 18 25 1
4 7 18 25 1
2 4 7 18 25 -1
8 18 25 -1
10 18 25 -1
8 10 18 25 1
13 18 25 -1
8 13 18 25 1
10 13 18 25 1
8 10 13 18 25 -1
15 18 25 -4
2 15 18 25 1
4 15 18 25 1
2 4 15 18 25 -1
7 15 18 25 1
2 7 15 18 25 -1
4 7 15 18 25 -1
2 4 7 15 18 25 1
8 15 18 25 1
10 15 18 25 1
8 10 15 18 25 -1
13 15 18 25 1
8 13 15 18 25 -1
10 13 15 18 25 -1
8 10 13 15 18 25 1
17 18 25 -1
15 17 18 25 1
19 25 4
3 19 25 -1
4 19 25 -1
3 4 19 25 1
7 19 25 -1
3 7 19 25 1
4 7 19 25 1
3 4 7 19 25 -1
9 19 25 -1
10 19 25 -1
9 10 19 25 1
13 19 25 -1
9 13 19 25 1
10 13 19 25 1
9 10 13 19 25 -1
15 19 25 -1
18 19 25 -1
15 18 19 25 1
21 25 1
19 21 25 -1
22 25 4
3 22 25 -1
4 22 25 -1
3 4 22 25 1
7 22 25 -1
3 7 22 25 1
4 7 22 25 1
3 4 7 22 25 -1
9 22 25 -1
10 22 25 -1
9 10 22 25 1
13 22 25 -1
9 13 22 25 1
10 13 22 25 1
9 10 13 22 25 -1
15 22 25 -1
18 22 25 -1
15 18 22 25 1
19 22 25 -4
3 19 22 25 1
4 19 22 25 1
3 4 19 22 25 -1
7 19 22 25 1
3 7 19 22 25 -1
4 7 19 22 25 -1
3 4 7 19 22 25 1
9 19 22 25 1
10 19 22 25 1
9 10 19 22 25 -1
13 19 22 25 1
9 13 19 22 25 -1
10 13 19 22 25 -1
9 10 13 19 22 25 1
15 19 22 25 1
18 19 22 25 1
15 18 19 22 25 -1
21 22 25 -1
19 21 22 25 1
24 25 4
4 24 25 -1
6 24 25 -1
4 6 24 25 1
7 24 25 -1
4 7 24 25 1
6 7 24 25 1
4 6 7 24 25 -1
10 24 25 -1
12 24 25 -1
10 12 24 25 1
13 24 25 -1
10 13 24 25 1
12 13 24 25 1
10 12 13 24 25 -1
15 24 25 -1
17 24 25 -1
15 17 24 25 1
18 24 25 -1
15 18 24 25 1
17 18 24 25 1
15 17 18 24 25 -1
19 24 25 -1
21 24 25 -1
19 21 24 25 1
22 24 25 -1
19 22 24 25 1
21 22 24 25 1
19 21 22 24 25 -1
26 -10
2 26 1
3 26 1
5 26 4
2 5 26 -1
3 5 26 -1
6 26 4
2 6 26 -1
3 6 26 -1
5 6 26 -4
2 5 6 26 1
3 5 6 26 1
7 26 1
5 7 26 -1
6 7 26 -1
5 6 7 26 1
8 26 1
9 26 1
11 26 4
5 11 26 -1
6 11 26 -1
5 6 11 26 1
8 11 26 -1
9 11 26 -1
12 26 4
5 12 26 -1
6 12 26 -1
5 6 12 26 1
8 12 26 -1
9 12 26 -1
11 12 26 -4
5 11 12 26 1
6 11 12 26 1
5 6 11 12 26 -1
8 11 12 26 1
9 11 12 26 1
13 26 1
11 13 26 -1
12 13 26 -1
11 12 13 26 1
16 26 4
2 16 26 -1
5 16 26 -1
2 5 16 26 1
6 16 26 -1
2 6 16 26 1
5 6 16 26 1
2 5 6 16 26 -1
8 16 26 -1
11 16 26 -1
8 11 16 26 1
12 16 26 -1
8 12 16 26 1
11 12 16 26 1
8 11 12 16 26 -1
17 26 4
2 17 26 -1
5 17 26 -1
2 5 17 26 1
6 17 26 -1
2 6 17 26 1
5 6 17 26 1
2 5 6 17 26 -1
8 17 26 -1
11 17 26 -1
8 11 17 26 1
12 17 26 -1
8 12 17 26 1
11 12 17 26 1
8 11 12 17 26 -1
16 17 26 -4
2 16 17 26 1
5 16 17 26 1
2 5 16 17 26 -1
6 16 17 26 1
2 6 16 17 26 -1
5 6 16 17 26 -1
2 5 6 16 17 26 1
8 16 17 26 1
11 16 17 26 1
8 11 16 17 26 -1
12 16 17 26 1
8 12 16 17 26 -1
11 12 16 17 26 -1
8 11 12 16 17 26 1
18 26 1
16 18 26 -1
17 18 26 -1
16 17 18 26 1
20 26 4
3 20 26 -1
5 20 26 -1
3 5 20 26 1
6 20 26 -1
3 6 20 26 1
5 6 20 26 1
3 5 6 20 26 -1
9 20 26 -1
11 20 26 -1
9 11 20 26 1
12 20 26 -1
9 12 20 26 1
11 12 20 26 1
9 11 12 20 26 -1
16 20 26 -1
17 20 26 -1
16 17 20 26 1
21 26 4
3 21 26 -1
5 21 26 -1
3 5 21 26 1
6 21 26 -1
3 6 21 26 1
5 6 21 26 1
3 5 6 21 26 -1
9 21 26 -1
11 21 26 -1
9 11 21 26 1
12 21 26 -1
9 12 21 26 1
11 12 21 26 1
9 11 12 21 26 -1
16 21 26 -1
17 21 26 -1
16 17 21 26 1
20 21 26 -4
3 20 21 26 1
5 20 21 26 1
3 5 20 21 26 -1
6 20 21 26 1
3 6 20 21 26 -1
5 6 20 21 26 -1
3 5 6 20 21 26 1
9 20 21 26 1
11 20 21 26 1
9 11 20 21 26 -1
12 20 21 26 1
9 12 20 21 26 -1
11 12 20 21 26 -1
9 11 12 20 21 26 1
16 20 21 26 1
17 20 21 26 1
16 17 20 21 26 -1
22 26 1
20 22 26 -1
21 22 26 -1
20 21 22 26 1
2 4 5 6 15 16 17 24 26 1
8 10 11 12 15 16 17 24 26 1
3 4 5 6 19 20 21 24 26 1
9 10 11 12 19 20 21 24 26 1
27 -10
2 27 1
3 27 1
5 27 4
2 5 27 -1
3 5 27 -1
6 27 1
5 6 27 -1
7 27 4
2 7 27 -1
3 7 27 -1
5 7 27 -4
2 5 7 27 1
3 5 7 27 1
6 7 27 -1
5 6 7 27 1
8 27 1
9 27 1
11 27 4
5 11 27 -1
7 11 27 -1
5 7 11 27 1
8 11 27 -1
9 11 27 -1
12 27 1
11 12 27 -1
13 27 4
5 13 27 -1
7 13 27 -1
5 7 13 27 1
8 13 27 -1
9 13 27 -1
11 13 27 -4
5 11 13 27 1
7 11 13 27 1
5 7 11 13 27 -1
8 11 13 27 1
9 11 13 27 1
12 13 27 -1
11 12 13 27 1
16 27 4
2 16 27 -1
5 16 27 -1
2 5 16 27 1
7 16 27 -1
2 7 16 27 1
5 7 16 27 1
2 5 7 16 27 -1
8 16 27 -1
11 16 27 -1
8 11 16 27 1
13 16 27 -1
8 13 16 27 1
11 13 16 27 1
8 11 13 16 27 -1
17 27 1
16 17 27 -1
18 27 4
2 18 27 -1
5 18 27 -1
2 5 18 27 1
7 18 27 -1
2 7 18 27 1
5 7 18 27 1
2 5 7 18 27 -1
8 18 27 -1
11 18 27 -1
8 11 18 27 1
13 18 27 -1
8 13 18 27 1
11 13 18 27 1
8 11 13 18 27 -1
16 18 27 -4
2 16 18 27 1
5 16 18 27 1
2 5 16 18 27 -1
7 16 18 27 1
2 7 16 18 27 -1
5 7 16 18 27 -1
2 5 7 16 18 27 1
8 16 18 27 1
11 16 18 27 1
8 11 16 18 27 -1
13 16 18 27 1
8 13 16 18 27 -1
11 13 16 18 27 -1
8 11 13 16 18 27 1
17 18 27 -1
16 17 18 27 1
20 27 4
3 20 27 -1
5 20 27 -1
3 5 20 27 1
7 20 27 -1
3 7 20 27 1
5 7 20 27 1
3 5 7 20 27 -1
9 20 27 -1
11 20 27 -1
9 11 20 27 1
13 20 27 -1
9 13 20 27 1
11 13 20 27 1
9 11 13 20 27 -1
16 20 27 -1
18 20 27 -1
16 18 20 27 1
21 27 1
20 21 27 -1
22 27 4
3 22 27 -1
5 22 27 -1
3 5 22 27 1
7 22 27 -1
3 7 22 27 1
5 7 22 27 1
3 5 7 22 27 -1
9 22 27 -1
11 22 27 -1
9 11 22 27 1
13 22 27 -1
9 13 22 27 1
11 13 22 27 1
9 11 13 22 27 -1
16 22 27 -1
18 22 27 -1
16 18 22 27 1
20 22 27 -4
3 20 22 27 1
5 20 22 27 1
3 5 20 22 27 -1
7 20 22 27 1
3 7 20 22 27 -1
5 7 20 22 27 -1
3 5 7 20 22 27 1
9 20 22 27 1
11 20 22 27 1
9 11 20 22 27 -1
13 20 22 27 1
9 13 20 22 27 -1
11 13 20 22 27 -1
9 11 13 20 22 27 1
16 20 22 27 1
18 20 22 27 1
16 18 20 22 27 -1
21 22 27 -1
20 21 22 27 1
2 4 5 7 15 16 18 25 27 1
8 10 11 13 15 16 18 25 27 1
3 4 5 7 19 20 22 25 27 1
9 10 11 13 19 20 22 25 27 1
26 27 4
5 26 27 -1
6 26 27 -1
5 6 26 27 1
7 26 27 -1
5 7 26 27 1
6 7 26 27 1
5 6 7 26 27 -1
11 26 27 -1
12 26 27 -1
11 12 26 27 1
13 26 27 -1
11 13 26 27 1
12 13 26 27 1
11 12 13 26 27 -1
16 26 27 -1
17 26 27 -1
16 17 26 27 1
18 26 27 -1
16 18 26 27 1
17 18 26 27 1
16 17 18 26 27 -1
20 26 27 -1
21 26 27 -1
20 21 26 27 1
22 26 27 -1
20 22 26 27 1
21 22 26 27 1
20 21 22 26 27 -1
28 -14
2 28 1
3 28 1
4 28 1
5 28 1
6 28 5
2 6 28 -1
3 6 28 -1
4 6 28 -1
5 6 28 -1
7 28 5
2 7 28 -1
3 7 28 -1
4 7 28 -1
5 7 28 -1
6 7 28 -5
2 6 7 28 1
3 6 7 28 1
4 6 7 28 1
5 6 7 28 1
8 28 1
9 28 1
10 28 1
11 28 1
12 28 5
6 12 28 -1
7 12 28 -1
6 7 12 28 1
8 12 28 -1
9 12 28 -1
10 12 28 -1
11 12 28 -1
13 28 5
6 13 28 -1
7 13 28 -1
6 7 13 28 1
8 13 28 -1
9 13 28 -1
10 13 28 -1
11 13 28 -1
12 13 28 -5
6 12 13 28 1
7 12 13 28 1
6 7 12 13 28 -1
8 12 13 28 1
9 12 13 28 1
10 12 13 28 1
11 12 13 28 1
15 28 1
16 28 1
17 28 5
2 17 28 -1
6 17 28 -1
2 6 17 28 1
7 17 28 -1
2 7 17 28 1
6 7 17 28 1
2 6 7 17 28 -1
8 17 28 -1
12 17 28 -1
8 12 17 28 1
13 17 28 -1
8 13 17 28 1
12 13 17 28 1
8 12 13 17 28 -1
15 17 28 -1
16 17 28 -1
18 28 5
2 18 28 -1
6 18 28 -1
2 6 18 28 1
7 18 28 -1
2 7 18 28 1
6 7 18 28 1
2 6 7 18 28 -1
8 18 28 -1
12 18 28 -1
8 12 18 28 1
13 18 28 -1
8 13 18 28 1
12 13 18 28 1
8 12 13 18 28 -1
15 18 28 -1
16 18 28 -1
17 18 28 -5
2 17 18 28 1
6 17 18 28 1
2 6 17 18 28 -1
7 17 18 28 1
2 7 17 18 28 -1
6 7 17 18 28 -1
2 6 7 17 18 28 1
8 17 18 28 1
12 17 18 28 1
8 12 17 18 28 -1
13 17 18 28 1
8 13 17 18 28 -1
12 13 17 18 28 -1
8 12 13 17 18 28 1
15 17 18 28 1
16 17 18 28 1
19 28 1
20 28 1
21 28 5
3 21 28 -1
6 21 28 -1
3 6 21 28 1
7 21 28 -1
3 7 21 28 1
6 7 21 28 1
3 6 7 21 28 -1
9 21 28 -1
12 21 28 -1
9 12 21 28 1
13 21 28 -1
9 13 21 28 1
12 13 21 28 1
9 12 13 21 28 -1
17 21 28 -1
18 21 28 -1
17 18 21 28 1
19 21 28 -1
20 21 28 -1
22 28 5
3 22 28 -1
6 22 28 -1
3 6 22 28 1
7 22 28 -1
3 7 22 28 1
6 7 22 28 1
3 6 7 22 28 -1
9 22 28 -1
12 22 28 -1
9 12 22 28 1
13 22 28 -1
9 13 22 28 1
12 13 22 28 1
9 12 13 22 28 -1
17 22 28 -1
18 22 28 -1
17 18 22 28 1
19 22 28 -1
20 22 28 -1
21 22 28 -5
3 21 22 28 1
6 21 22 28 1
3 6 21 22 28 -1
7 21 22 28 1
3 7 21 22 28 -1
6 7 21 22 28 -1
3 6 7 21 22 28 1
9 21 22 28 1
12 21 22 28 1
9 12 21 22 28 -1
13 21 22 28 1
9 13 21 22 28 -1
12 13 21 22 28 -1
9 12 13 21 22 28 1
17 21 22 28 1
18 21 22 28 1
17 18 21 22 28 -1
19 21 22 28 1
20 21 22 28 1
24 28 4
4 24 28 -1
6 24 28 -1
4 6 24 28 1
7 24 28 -1
4 7 24 28 1
6 7 24 28 1
4 6 7 24 28 -1
10 24 28 -1
12 24 28 -1
10 12 24 28 1
13 24 28 -1
10 13 24 28 1
12 13 24 28 1
10 12 13 24 28 -1
15 24 28 -1
17 24 28 -1
15 17 24 28 1
18 24 28 -1
15 18 24 28 1
17 18 24 28 1
15 17 18 24 28 -1
19 24 28 -1
21 24 28 -1
19 21 24 28 1
22 24 28 -1
19 22 24 28 1
21 22 24 28 1
19 21 22 24 28 -1
25 28 4
4 25 28 -1
6 25 28 -1
4 6 25 28 1
7 25 28 -1
4 7 25 28 1
6 7 25 28 1
4 6 7 25 28 -1
10 25 28 -1
12 25 28 -1
10 12 25 28 1
13 25 28 -1
10 13 25 28 1
12 13 25 28 1
10 12 13 25 28 -1
15 25 28 -1
17 25 28 -1
15 17 25 28 1
18 25 28 -1
15 18 25 28 1
17 18 25 28 1
15 17 18 25 28 -1
19 25 28 -1
21 25 28 -1
19 21 25 28 1
22 25 28 -1
19 22 25 28 1
21 22 25 28 1
19 21 22 25 28 -1
24 25 28 -4
4 24 25 28 1
6 24 25 28 1
4 6 24 25 28 -1
7 24 25 28 1
4 7 24 25 28 -1
6 7 24 25 28 -1
4 6 7 24 25 28 1
10 24 25 28 1
12 24 25 28 1
10 12 24 25 28 -1
13 24 25 28 1
10 13 24 25 28 -1
12 13 24 25 28 -1
10 12 13 24 25 28 1
15 24 25 28 1
17 24 25 28 1
15 17 24 25 28 -1
18 24 25 28 1
15 18 24 25 28 -1
17 18 24 25 28 -1
15 17 18 24 25 28 1
2 4 6 7 15 17 18 24 25 28 1
8 10 12 13 15 17 18 24 25 28 1
19 24 25 28 1
21 24 25 28 1
19 21 24 25 28 -1
22 24 25 28 1
19 22 24 25 28 -1
21 22 24 25 28 -1
19 21 22 24 25 28 1
3 4 6 7 19 21 22 24 25 28 1
9 10 12 13 19 21 22 24 25 28 1
26 28 4
5 26 28 -1
6 26 28 -1
5 6 26 28 1
7 26 28 -1
5 7 26 28 1
6 7 26 28 1
5 6 7 26 28 -1
11 26 28 -1
12 26 28 -1
11 12 26 28 1
13 26 28 -1
11 13 26 28 1
12 13 26 28 1
11 12 13 26 28 -1
16 26 28 -1
17 26 28 -1
16 17 26 28 1
18 26 28 -1
16 18 26 28 1
17 18 26 28 1
16 17 18 26 28 -1
20 26 28 -1
21 26 28 -1
20 21 26 28 1
22 26 28 -1
20 22 26 28 1
21 22 26 28 1
20 21 22 26 28 -1
27 28 4
5 27 28 -1
6 27 28 -1
5 6 27 28 1
7 27 28 -1
5 7 27 28 1
6 7 27 28 1
5 6 7 27 28 -1
11 27 28 -1
12 27 28 -1
11 12 27 28 1
13 27 28 -1
11 13 27 28 1
12 13 27 28 1
11 12 13 27 28 -1
16 27 28 -1
17 27 28 -1
16 17 27 28 1
18 27 28 -1
16 18 27 28 1
17 18 27 28 1
16 17 18 27 28 -1
20 27 28 -1
21 27 28 -1
20 21 27 28 1
22 27 28 -1
20 22 27 28 1
21 22 27 28 1
20 21 22 27 28 -1
26 27 28 -4
5 26 27 28 1
6 26 27 28 1
5 6 26 27 28 -1
7 26 27 28 1
5 7 26 27 28 -1
6 7 26 27 28 -1
5 6 7 26 27 28 1
11 26 27 28 1
12 26 27 28 1
11 12 26 27 28 -1
13 26 27 28 1
11 13 26 27 28 -1
12 13 26 27 28 -1
11 12 13 26 27 28 1
16 26 27 28 1
17 26 27 28 1
16 17 26 27 28 -1
18 26 27 28 1
16 18 26 27 28 -1
17 18 26 27 28 -1
16 17 18 26 27 28 1
2 5 6 7 16 17 18 26 27 28 1
8 11 12 13 16 17 18 26 27 28 1
20 26 27 28 1
21 26 27 28 1
20 21 26 27 28 -1
22 26 27 28 1
20 22 26 27 28 -1
21 22 26 27 28 -1
20 21 22 26 27 28 1
3 5 6 7 20 21 22 26 27 28 1
9 11 12 13 20 21 22 26 27 28 1
4 5 6 7 24 25 26 27 28 1
10 11 12 13 24 25 26 27 28 1
15 16 17 18 24 25 26 27 28 1
19 20 21 22 24 25 26 27 28 1
#
