275
2 -11
3 -11
2 3 1
4 -11
2 4 1
3 4 1
5 -11
2 5 1
3 5 1
4 5 1
6 -11
2 6 1
3 6 1
4 6 1
5 6 1
7 -11
2 7 1
3 7 1
4 7 1
5 7 1
6 7 1
8 -11
2 8 1
3 8 1
4 8 1
5 8 1
6 8 1
7 8 1
9 -11
2 9 1
3 9 1
4 9 1
5 9 1
6 9 1
7 9 1
8 9 1
10 -10
2 10 1
3 10 1
4 10 1
5 10 1
6 10 1
7 10 1
8 10 1
9 10 1
11 -10
2 11 1
3 11 1
4 11 1
5 11 1
6 11 1
7 11 1
8 11 1
9 11 1
12 -11
2 12 1
3 12 1
4 12 1
5 12 1
6 12 1
7 12 1
8 12 1
9 12 1
10 12 1
11 12 1
13 -11
2 13 1
14 -11
3 14 1
13 14 1
15 -11
4 15 1
13 15 1
14 15 1
16 -11
5 16 1
13 16 1
14 16 1
15 16 1
17 -11
6 17 1
13 17 1
14 17 1
15 17 1
16 17 1
18 -11
7 18 1
13 18 1
14 18 1
15 18 1
16 18 1
17 18 1
19 -11
8 19 1
13 19 1
14 19 1
15 19 1
16 19 1
17 19 1
18 19 1
20 -11
9 20 1
13 20 1
14 20 1
15 20 1
16 20 1
17 20 1
18 20 1
19 20 1
21 -10
10 21 1
13 21 1
14 21 1
15 21 1
16 21 1
17 21 1
18 21 1
19 21 1
20 21 1
22 -10
11 22 1
13 22 1
14 22 1
15 22 1
16 22 1
17 22 1
18 22 1
19 22 1
20 22 1
23 -11
12 23 1
13 23 1
14 23 1
15 23 1
16 23 1
17 23 1
18 23 1
19 23 1
20 23 1
21 23 1
22 23 1
25 -11
2 25 1
4 25 1
2 4 25 -1
13 25 1
15 25 1
13 15 25 -1
26 -11
2 26 1
5 26 1
2 5 26 -1
13 26 1
16 26 1
13 16 26 -1
25 26 1
27 -11
2 27 1
6 27 1
2 6 27 -1
13 27 1
17 27 1
13 17 27 -1
25 27 1
26 27 1
28 -11
2 28 1
7 28 1
2 7 28 -1
13 28 1
18 28 1
13 18 28 -1
25 28 1
26 28 1
27 28 1
29 -11
2 29 1
8 29 1
2 8 29 -1
13 29 1
19 29 1
13 19 29 -1
25 29 1
26 29 1
27 29 1
28 29 1
30 -11
2 30 1
9 30 1
2 9 30 -1
13 30 1
20 30 1
13 20 30 -1
25 30 1
26 30 1
27 30 1
28 30 1
29 30 1
31 -10
2 31 1
10 31 1
2 10 31 -1
13 31 1
21 31 1
13 21 31 -1
25 31 1
26 31 1
27 31 1
28 31 1
29 31 1
30 31 1
32 -10
2 32 1
11 32 1
2 11 32 -1
13 32 1
22 32 1
13 22 32 -1
25 32 1
26 32 1
27 32 1
28 32 1
29 32 1
30 32 1
33 -11
2 33 1
12 33 1
2 12 33 -1
13 33 1
23 33 1
13 23 33 -1
25 33 1
26 33 1
27 33 1
28 33 1
29 33 1
30 33 1
31 33 1
32 33 1
34 -11
3 34 1
4 34 1
3 4 34 -1
14 34 1
15 34 1
14 15 34 -1
25 34 1
35 -11
3 35 1
5 35 1
3 5 35 -1
14 35 1
16 35 1
14 16 35 -1
26 35 1
34 35 1
36 -11
3 36 1
6 36 1
3 6 36 -1
14 36 1
17 36 1
14 17 36 -1
27 36 1
34 36 1
35 36 1
37 -11
3 37 1
7 37 1
3 7 37 -1
14 37 1
18 37 1
14 18 37 -1
28 37 1
34 37 1
35 37 1
36 37 1
38 -11
3 38 1
8 38 1
3 8 38 -1
14 38 1
19 38 1
14 19 38 -1
29 38 1
34 38 1
35 38 1
36 38 1
37 38 1
39 -11
3 39 1
9 39 1
3 9 39 -1
14 39 1
20 39 1
14 20 39 -1
30 39 1
34 39 1
35 39 1
36 39 1
37 39 1
38 39 1
40 -10
3 40 1
10 40 1
3 10 40 -1
14 40 1
21 40 1
14 21 40 -1
31 40 1
34 40 1
35 40 1
36 40 1
37 40 1
38 40 1
39 40 1
41 -10
3 41 1
11 41 1
3 11 41 -1
14 41 1
22 41 1
14 22 41 -1
32 41 1
34 41 1
35 41 1
36 41 1
37 41 1
38 41 1
39 41 1
42 -11
3 42 1
12 42 1
3 12 42 -1
14 42 1
23 42 1
14 23 42 -1
33 42 1
34 42 1
35 42 1
36 42 1
37 42 1
38 42 1
39 42 1
40 42 1
41 42 1
44 -11
4 44 1
6 44 1
4 6 44 -1
15 44 1
17 44 1
15 17 44 -1
25 44 1
27 44 1
25 27 44 -1
34 44 1
36 44 1
34 36 44 -1
45 -11
4 45 1
7 45 1
4 7 45 -1
15 45 1
18 45 1
15 18 45 -1
25 45 1
28 45 1
25 28 45 -1
34 45 1
37 45 1
34 37 45 -1
44 45 1
46 -11
4 46 1
8 46 1
4 8 46 -1
15 46 1
19 46 1
15 19 46 -1
25 46 1
29 46 1
25 29 46 -1
34 46 1
38 46 1
34 38 46 -1
44 46 1
45 46 1
47 -11
4 47 1
9 47 1
4 9 47 -1
15 47 1
20 47 1
15 20 47 -1
25 47 1
30 47 1
25 30 47 -1
34 47 1
39 47 1
34 39 47 -1
44 47 1
45 47 1
46 47 1
48 -10
4 48 1
10 48 1
4 10 48 -1
15 48 1
21 48 1
15 21 48 -1
25 48 1
31 48 1
25 31 48 -1
34 48 1
40 48 1
34 40 48 -1
44 48 1
45 48 1
46 48 1
47 48 1
49 -10
4 49 1
11 49 1
4 11 49 -1
15 49 1
22 49 1
15 22 49 -1
25 49 1
32 49 1
25 32 49 -1
34 49 1
41 49 1
34 41 49 -1
44 49 1
45 49 1
46 49 1
47 49 1
50 -11
4 50 1
12 50 1
4 12 50 -1
15 50 1
23 50 1
15 23 50 -1
25 50 1
33 50 1
25 33 50 -1
34 50 1
42 50 1
34 42 50 -1
44 50 1
45 50 1
46 50 1
47 50 1
48 50 1
49 50 1
51 -11
5 51 1
6 51 1
5 6 51 -1
16 51 1
17 51 1
16 17 51 -1
26 51 1
27 51 1
26 27 51 -1
35 51 1
36 51 1
35 36 51 -1
44 51 1
52 -11
5 52 1
7 52 1
5 7 52 -1
16 52 1
18 52 1
16 18 52 -1
26 52 1
28 52 1
26 28 52 -1
35 52 1
37 52 1
35 37 52 -1
45 52 1
51 52 1
53 -11
5 53 1
8 53 1
5 8 53 -1
16 53 1
19 53 1
16 19 53 -1
26 53 1
29 53 1
26 29 53 -1
35 53 1
38 53 1
35 38 53 -1
46 53 1
51 53 1
52 53 1
54 -11
5 54 1
9 54 1
5 9 54 -1
16 54 1
20 54 1
16 20 54 -1
26 54 1
30 54 1
26 30 54 -1
35 54 1
39 54 1
35 39 54 -1
47 54 1
51 54 1
52 54 1
53 54 1
55 -10
5 55 1
10 55 1
5 10 55 -1
16 55 1
21 55 1
16 21 55 -1
26 55 1
31 55 1
26 31 55 -1
35 55 1
40 55 1
35 40 55 -1
48 55 1
51 55 1
52 55 1
53 55 1
54 55 1
56 -10
5 56 1
11 56 1
5 11 56 -1
16 56 1
22 56 1
16 22 56 -1
26 56 1
32 56 1
26 32 56 -1
35 56 1
41 56 1
35 41 56 -1
49 56 1
51 56 1
52 56 1
53 56 1
54 56 1
57 -11
5 57 1
12 57 1
5 12 57 -1
16 57 1
23 57 1
16 23 57 -1
26 57 1
33 57 1
26 33 57 -1
35 57 1
42 57 1
35 42 57 -1
50 57 1
51 57 1
52 57 1
53 57 1
54 57 1
55 57 1
56 57 1
59 -11
6 59 1
8 59 1
6 8 59 -1
17 59 1
19 59 1
17 19 59 -1
27 59 1
29 59 1
27 29 59 -1
36 59 1
38 59 1
36 38 59 -1
44 59 1
46 59 1
44 46 59 -1
51 59 1
53 59 1
51 53 59 -1
60 -11
6 60 1
9 60 1
6 9 60 -1
17 60 1
20 60 1
17 20 60 -1
27 60 1
30 60 1
27 30 60 -1
36 60 1
39 60 1
36 39 60 -1
44 60 1
47 60 1
44 47 60 -1
51 60 1
54 60 1
51 54 60 -1
59 60 1
61 -10
6 61 1
10 61 1
6 10 61 -1
17 61 1
21 61 1
17 21 61 -1
27 61 1
31 61 1
27 31 61 -1
36 61 1
40 61 1
36 40 61 -1
44 61 1
48 61 1
44 48 61 -1
51 61 1
55 61 1
51 55 61 -1
59 61 1
60 61 1
62 -10
6 62 1
11 62 1
6 11 62 -1
17 62 1
22 62 1
17 22 62 -1
27 62 1
32 62 1
27 32 62 -1
36 62 1
41 62 1
36 41 62 -1
44 62 1
49 62 1
44 49 62 -1
51 62 1
56 62 1
51 56 62 -1
59 62 1
60 62 1
63 -11
6 63 1
12 63 1
6 12 63 -1
17 63 1
23 63 1
17 23 63 -1
27 63 1
33 63 1
27 33 63 -1
36 63 1
42 63 1
36 42 63 -1
44 63 1
50 63 1
44 50 63 -1
51 63 1
57 63 1
51 57 63 -1
59 63 1
60 63 1
61 63 1
62 63 1
64 -11
7 64 1
8 64 1
7 8 64 -1
18 64 1
19 64 1
18 19 64 -1
28 64 1
29 64 1
28 29 64 -1
37 64 1
38 64 1
37 38 64 -1
45 64 1
46 64 1
45 46 64 -1
52 64 1
53 64 1
52 53 64 -1
59 64 1
65 -11
7 65 1
9 65 1
7 9 65 -1
18 65 1
20 65 1
18 20 65 -1
28 65 1
30 65 1
28 30 65 -1
37 65 1
39 65 1
37 39 65 -1
45 65 1
47 65 1
45 47 65 -1
52 65 1
54 65 1
52 54 65 -1
60 65 1
64 65 1
66 -10
7 66 1
10 66 1
7 10 66 -1
18 66 1
21 66 1
18 21 66 -1
28 66 1
31 66 1
28 31 66 -1
37 66 1
40 66 1
37 40 66 -1
45 66 1
48 66 1
45 48 66 -1
52 66 1
55 66 1
52 55 66 -1
61 66 1
64 66 1
65 66 1
67 -10
7 67 1
11 67 1
7 11 67 -1
18 67 1
22 67 1
18 22 67 -1
28 67 1
32 67 1
28 32 67 -1
37 67 1
41 67 1
37 41 67 -1
45 67 1
49 67 1
45 49 67 -1
52 67 1
56 67 1
52 56 67 -1
62 67 1
64 67 1
65 67 1
68 -11
7 68 1
12 68 1
7 12 68 -1
18 68 1
23 68 1
18 23 68 -1
28 68 1
33 68 1
28 33 68 -1
37 68 1
42 68 1
37 42 68 -1
45 68 1
50 68 1
45 50 68 -1
52 68 1
57 68 1
52 57 68 -1
63 68 1
64 68 1
65 68 1
66 68 1
67 68 1
70 -10
8 70 1
10 70 1
8 10 70 -1
19 70 1
21 70 1
19 21 70 -1
29 70 1
31 70 1
29 31 70 -1
38 70 1
40 70 1
38 40 70 -1
46 70 1
48 70 1
46 48 70 -1
53 70 1
55 70 1
53 55 70 -1
59 70 1
61 70 1
59 61 70 -1
64 70 1
66 70 1
64 66 70 -1
71 -10
8 71 1
11 71 1
8 11 71 -1
19 71 1
22 71 1
19 22 71 -1
29 71 1
32 71 1
29 32 71 -1
38 71 1
41 71 1
38 41 71 -1
46 71 1
49 71 1
46 49 71 -1
53 71 1
56 71 1
53 56 71 -1
59 71 1
62 71 1
59 62 71 -1
64 71 1
67 71 1
64 67 71 -1
72 -11
8 72 1
12 72 1
8 12 72 -1
19 72 1
23 72 1
19 23 72 -1
29 72 1
33 72 1
29 33 72 -1
38 72 1
42 72 1
38 42 72 -1
46 72 1
50 72 1
46 50 72 -1
53 72 1
57 72 1
53 57 72 -1
59 72 1
63 72 1
59 63 72 -1
64 72 1
68 72 1
64 68 72 -1
70 72 1
71 72 1
73 -10
9 73 1
10 73 1
9 10 73 -1
20 73 1
21 73 1
20 21 73 -1
30 73 1
31 73 1
30 31 73 -1
39 73 1
40 73 1
39 40 73 -1
47 73 1
48 73 1
47 48 73 -1
54 73 1
55 73 1
54 55 73 -1
60 73 1
61 73 1
60 61 73 -1
65 73 1
66 73 1
65 66 73 -1
70 73 1
74 -10
9 74 1
11 74 1
9 11 74 -1
20 74 1
22 74 1
20 22 74 -1
30 74 1
32 74 1
30 32 74 -1
39 74 1
41 74 1
39 41 74 -1
47 74 1
49 74 1
47 49 74 -1
54 74 1
56 74 1
54 56 74 -1
60 74 1
62 74 1
60 62 74 -1
65 74 1
67 74 1
65 67 74 -1
71 74 1
75 -11
9 75 1
12 75 1
9 12 75 -1
20 75 1
23 75 1
20 23 75 -1
30 75 1
33 75 1
30 33 75 -1
39 75 1
42 75 1
39 42 75 -1
47 75 1
50 75 1
47 50 75 -1
54 75 1
57 75 1
54 57 75 -1
60 75 1
63 75 1
60 63 75 -1
65 75 1
68 75 1
65 68 75 -1
72 75 1
73 75 1
74 75 1
77 -10
10 77 1
12 77 1
10 12 77 -1
21 77 1
23 77 1
21 23 77 -1
31 77 1
33 77 1
31 33 77 -1
40 77 1
42 77 1
40 42 77 -1
48 77 1
50 77 1
48 50 77 -1
55 77 1
57 77 1
55 57 77 -1
61 77 1
63 77 1
61 63 77 -1
66 77 1
68 77 1
66 68 77 -1
70 77 1
72 77 1
70 72 77 -1
73 77 1
75 77 1
73 75 77 -1
78 -10
11 78 1
12 78 1
11 12 78 -1
22 78 1
23 78 1
22 23 78 -1
32 78 1
33 78 1
32 33 78 -1
41 78 1
42 78 1
41 42 78 -1
49 78 1
50 78 1
49 50 78 -1
56 78 1
57 78 1
56 57 78 -1
62 78 1
63 78 1
62 63 78 -1
67 78 1
68 78 1
67 68 78 -1
71 78 1
72 78 1
71 72 78 -1
74 78 1
75 78 1
74 75 78 -1
2 4 6 8 10 11 12 25 27 29 31 32 33 44 46 48 49 50 59 61 62 63 70 71 72 77 78 1
13 15 17 19 21 22 23 25 27 29 31 32 33 44 46 48 49 50 59 61 62 63 70 71 72 77 78 1
3 4 6 8 10 11 12 34 36 38 40 41 42 44 46 48 49 50 59 61 62 63 70 71 72 77 78 1
14 15 17 19 21 22 23 34 36 38 40 41 42 44 46 48 49 50 59 61 62 63 70 71 72 77 78 1
2 5 6 8 10 11 12 26 27 29 31 32 33 51 53 55 56 57 59 61 62 63 70 71 72 77 78 1
13 16 17 19 21 22 23 26 27 29 31 32 33 51 53 55 56 57 59 61 62 63 70 71 72 77 78 1
3 5 6 8 10 11 12 35 36 38 40 41 42 51 53 55 56 57 59 61 62 63 70 71 72 77 78 1
14 16 17 19 21 22 23 35 36 38 40 41 42 51 53 55 56 57 59 61 62 63 70 71 72 77 78 1
2 4 7 8 10 11 12 25 28 29 31 32 33 45 46 48 49 50 64 66 67 68 70 71 72 77 78 1
13 15 18 19 21 22 23 25 28 29 31 32 33 45 46 48 49 50 64 66 67 68 70 71 72 77 78 1
3 4 7 8 10 11 12 34 37 38 40 41 42 45 46 48 49 50 64 66 67 68 70 71 72 77 78 1
14 15 18 19 21 22 23 34 37 38 40 41 42 45 46 48 49 50 64 66 67 68 70 71 72 77 78 1
2 5 7 8 10 11 12 26 28 29 31 32 33 52 53 55 56 57 64 66 67 68 70 71 72 77 78 1
13 16 18 19 21 22 23 26 28 29 31 32 33 52 53 55 56 57 64 66 67 68 70 71 72 77 78 1
3 5 7 8 10 11 12 35 37 38 40 41 42 52 53 55 56 57 64 66 67 68 70 71 72 77 78 1
14 16 18 19 21 22 23 35 37 38 40 41 42 52 53 55 56 57 64 66 67 68 70 71 72 77 78 1
2 4 6 9 10 11 12 25 27 30 31 32 33 44 47 48 49 50 60 61 62 63 73 74 75 77 78 1
13 15 17 20 21 22 23 25 27 30 31 32 33 44 47 48 49 50 60 61 62 63 73 74 75 77 78 1
3 4 6 9 10 11 12 34 36 39 40 41 42 44 47 48 49 50 60 61 62 63 73 74 75 77 78 1
14 15 17 20 21 22 23 34 36 39 40 41 42 44 47 48 49 50 60 61 62 63 73 74 75 77 78 1
2 5 6 9 10 11 12 26 27 30 31 32 33 51 54 55 56 57 60 61 62 63 73 74 75 77 78 1
13 16 17 20 21 22 23 26 27 30 31 32 33 51 54 55 56 57 60 61 62 63 73 74 75 77 78 1
3 5 6 9 10 11 12 35 36 39 40 41 42 51 54 55 56 57 60 61 62 63 73 74 75 77 78 1
14 16 17 20 21 22 23 35 36 39 40 41 42 51 54 55 56 57 60 61 62 63 73 74 75 77 78 1
2 4 7 9 10 11 12 25 28 30 31 32 33 45 47 48 49 50 65 66 67 68 73 74 75 77 78 1
13 15 18 20 21 22 23 25 28 30 31 32 33 45 47 48 49 50 65 66 67 68 73 74 75 77 78 1
3 4 7 9 10 11 12 34 37 39 40 41 42 45 47 48 49 50 65 66 67 68 73 74 75 77 78 1
14 15 18 20 21 22 23 34 37 39 40 41 42 45 47 48 49 50 65 66 67 68 73 74 75 77 78 1
2 5 7 9 10 11 12 26 28 30 31 32 33 52 54 55 56 57 65 66 67 68 73 74 75 77 78 1
13 16 18 20 21 22 23 26 28 30 31 32 33 52 54 55 56 57 65 66 67 68 73 74 75 77 78 1
3 5 7 9 10 11 12 35 37 39 40 41 42 52 54 55 56 57 65 66 67 68 73 74 75 77 78 1
14 16 18 20 21 22 23 35 37 39 40 41 42 52 54 55 56 57 65 66 67 68 73 74 75 77 78 1
#
196
2 -11
3 -11
2 3 1
4 -11
2 4 1
3 4 1
5 -11
2 5 1
3 5 1
4 5 1
6 -11
2 6 1
3 6 1
4 6 1
5 6 1
7 -11
2 7 1
3 7 1
4 7 1
5 7 1
6 7 1
8 -7
2 8 1
3 8 1
4 8 1
5 8 1
6 8 1
7 8 1
9 -7
2 9 1
3 9 1
4 9 1
5 9 1
6 9 1
7 9 1
10 -7
2 10 1
3 10 1
4 10 1
5 10 1
6 10 1
7 10 1
11 -7
2 11 1
3 11 1
4 11 1
5 11 1
6 11 1
7 11 1
12 -7
2 12 1
3 12 1
4 12 1
5 12 1
6 12 1
7 12 1
13 -11
2 13 1
14 -11
3 14 1
13 14 1
15 -11
4 15 1
13 15 1
14 15 1
16 -11
5 16 1
13 16 1
14 16 1
15 16 1
17 -11
6 17 1
13 17 1
14 17 1
15 17 1
16 17 1
18 -11
7 18 1
13 18 1
14 18 1
15 18 1
16 18 1
17 18 1
19 -7
8 19 1
13 19 1
14 19 1
15 19 1
16 19 1
17 19 1
18 19 1
20 -7
9 20 1
13 20 1
14 20 1
15 20 1
16 20 1
17 20 1
18 20 1
21 -7
10 21 1
13 21 1
14 21 1
15 21 1
16 21 1
17 21 1
18 21 1
22 -7
11 22 1
13 22 1
14 22 1
15 22 1
16 22 1
17 22 1
18 22 1
23 -7
12 23 1
13 23 1
14 23 1
15 23 1
16 23 1
17 23 1
18 23 1
25 -11
2 25 1
4 25 1
2 4 25 -1
13 25 1
15 25 1
13 15 25 -1
26 -11
2 26 1
5 26 1
2 5 26 -1
13 26 1
16 26 1
13 16 26 -1
25 26 1
27 -11
2 27 1
6 27 1
2 6 27 -1
13 27 1
17 27 1
13 17 27 -1
25 27 1
26 27 1
28 -11
2 28 1
7 28 1
2 7 28 -1
13 28 1
18 28 1
13 18 28 -1
25 28 1
26 28 1
27 28 1
29 -7
2 29 1
8 29 1
2 8 29 -1
13 29 1
19 29 1
13 19 29 -1
25 29 1
26 29 1
27 29 1
28 29 1
30 -7
2 30 1
9 30 1
2 9 30 -1
13 30 1
20 30 1
13 20 30 -1
25 30 1
26 30 1
27 30 1
28 30 1
31 -7
2 31 1
10 31 1
2 10 31 -1
13 31 1
21 31 1
13 21 31 -1
25 31 1
26 31 1
27 31 1
28 31 1
32 -7
2 32 1
11 32 1
2 11 32 -1
13 32 1
22 32 1
13 22 32 -1
25 32 1
26 32 1
27 32 1
28 32 1
33 -7
2 33 1
12 33 1
2 12 33 -1
13 33 1
23 33 1
13 23 33 -1
25 33 1
26 33 1
27 33 1
28 33 1
34 -11
3 34 1
4 34 1
3 4 34 -1
14 34 1
15 34 1
14 15 34 -1
25 34 1
35 -11
3 35 1
5 35 1
3 5 35 -1
14 35 1
16 35 1
14 16 35 -1
26 35 1
34 35 1
36 -11
3 36 1
6 36 1
3 6 36 -1
14 36 1
17 36 1
14 17 36 -1
27 36 1
34 36 1
35 36 1
37 -11
3 37 1
7 37 1
3 7 37 -1
14 37 1
18 37 1
14 18 37 -1
28 37 1
34 37 1
35 37 1
36 37 1
38 -7
3 38 1
8 38 1
3 8 38 -1
14 38 1
19 38 1
14 19 38 -1
29 38 1
34 38 1
35 38 1
36 38 1
37 38 1
39 -7
3 39 1
9 39 1
3 9 39 -1
14 39 1
20 39 1
14 20 39 -1
30 39 1
34 39 1
35 39 1
36 39 1
37 39 1
40 -7
3 40 1
10 40 1
3 10 40 -1
14 40 1
21 40 1
14 21 40 -1
31 40 1
34 40 1
35 40 1
36 40 1
37 40 1
41 -7
3 41 1
11 41 1
3 11 41 -1
14 41 1
22 41 1
14 22 41 -1
32 41 1
34 41 1
35 41 1
36 41 1
37 41 1
42 -7
3 42 1
12 42 1
3 12 42 -1
14 42 1
23 42 1
14 23 42 -1
33 42 1
34 42 1
35 42 1
36 42 1
37 42 1
44 -11
4 44 1
6 44 1
4 6 44 -1
15 44 1
17 44 1
15 17 44 -1
25 44 1
27 44 1
25 27 44 -1
34 44 1
36 44 1
34 36 44 -1
45 -11
4 45 1
7 45 1
4 7 45 -1
15 45 1
18 45 1
15 18 45 -1
25 45 1
28 45 1
25 28 45 -1
34 45 1
37 45 1
34 37 45 -1
44 45 1
46 -7
4 46 1
8 46 1
4 8 46 -1
15 46 1
19 46 1
15 19 46 -1
25 46 1
29 46 1
25 29 46 -1
34 46 1
38 46 1
34 38 46 -1
44 46 1
45 46 1
47 -7
4 47 1
9 47 1
4 9 47 -1
15 47 1
20 47 1
15 20 47 -1
25 47 1
30 47 1
25 30 47 -1
34 47 1
39 47 1
34 39 47 -1
44 47 1
45 47 1
48 -7
4 48 1
10 48 1
4 10 48 -1
15 48 1
21 48 1
15 21 48 -1
25 48 1
31 48 1
25 31 48 -1
34 48 1
40 48 1
34 40 48 -1
44 48 1
45 48 1
49 -7
4 49 1
11 49 1
4 11 49 -1
15 49 1
22 49 1
15 22 49 -1
25 49 1
32 49 1
25 32 49 -1
34 49 1
41 49 1
34 41 49 -1
44 49 1
45 49 1
50 -7
4 50 1
12 50 1
4 12 50 -1
15 50 1
23 50 1
15 23 50 -1
25 50 1
33 50 1
25 33 50 -1
34 50 1
42 50 1
34 42 50 -1
44 50 1
45 50 1
2 4 8 9 10 11 12 25 29 30 31 32 33 46 47 48 49 50 1
13 15 19 20 21 22 23 25 29 30 31 32 33 46 47 48 49 50 1
3 4 8 9 10 11 12 34 38 39 40 41 42 46 47 48 49 50 1
14 15 19 20 21 22 23 34 38 39 40 41 42 46 47 48 49 50 1
51 -11
5 51 1
6 51 1
5 6 51 -1
16 51 1
17 51 1
16 17 51 -1
26 51 1
27 51 1
26 27 51 -1
35 51 1
36 51 1
35 36 51 -1
44 51 1
52 -11
5 52 1
7 52 1
5 7 52 -1
16 52 1
18 52 1
16 18 52 -1
26 52 1
28 52 1
26 28 52 -1
35 52 1
37 52 1
35 37 52 -1
45 52 1
51 52 1
53 -7
5 53 1
8 53 1
5 8 53 -1
16 53 1
19 53 1
16 19 53 -1
26 53 1
29 53 1
26 29 53 -1
35 53 1
38 53 1
35 38 53 -1
46 53 1
51 53 1
52 53 1
54 -7
5 54 1
9 54 1
5 9 54 -1
16 54 1
20 54 1
16 20 54 -1
26 54 1
30 54 1
26 30 54 -1
35 54 1
39 54 1
35 39 54 -1
47 54 1
51 54 1
52 54 1
55 -7
5 55 1
10 55 1
5 10 55 -1
16 55 1
21 55 1
16 21 55 -1
26 55 1
31 55 1
26 31 55 -1
35 55 1
40 55 1
35 40 55 -1
48 55 1
51 55 1
52 55 1
56 -7
5 56 1
11 56 1
5 11 56 -1
16 56 1
22 56 1
16 22 56 -1
26 56 1
32 56 1
26 32 56 -1
35 56 1
41 56 1
35 41 56 -1
49 56 1
51 56 1
52 56 1
57 -7
5 57 1
12 57 1
5 12 57 -1
16 57 1
23 57 1
16 23 57 -1
26 57 1
33 57 1
26 33 57 -1
35 57 1
42 57 1
35 42 57 -1
50 57 1
51 57 1
52 57 1
2 5 8 9 10 11 12 26 29 30 31 32 33 53 54 55 56 57 1
13 16 19 20 21 22 23 26 29 30 31 32 33 53 54 55 56 57 1
3 5 8 9 10 11 12 35 38 39 40 41 42 53 54 55 56 57 1
14 16 19 20 21 22 23 35 38 39 40 41 42 53 54 55 56 57 1
59 -7
6 59 1
8 59 1
6 8 59 -1
17 59 1
19 59 1
17 19 59 -1
27 59 1
29 59 1
27 29 59 -1
36 59 1
38 59 1
36 38 59 -1
44 59 1
46 59 1
44 46 59 -1
51 59 1
53 59 1
51 53 59 -1
60 -7
6 60 1
9 60 1
6 9 60 -1
17 60 1
20 60 1
17 20 60 -1
27 60 1
30 60 1
27 30 60 -1
36 60 1
39 60 1
36 39 60 -1
44 60 1
47 60 1
44 47 60 -1
51 60 1
54 60 1
51 54 60 -1
61 -7
6 61 1
10 61 1
6 10 61 -1
17 61 1
21 61 1
17 21 61 -1
27 61 1
31 61 1
27 31 61 -1
36 61 1
40 61 1
36 40 61 -1
44 61 1
48 61 1
44 48 61 -1
51 61 1
55 61 1
51 55 61 -1
62 -7
6 62 1
11 62 1
6 11 62 -1
17 62 1
22 62 1
17 22 62 -1
27 62 1
32 62 1
27 32 62 -1
36 62 1
41 62 1
36 41 62 -1
44 62 1
49 62 1
44 49 62 -1
51 62 1
56 62 1
51 56 62 -1
2 4 6 8 9 10 11 25 27 29 30 31 32 44 46 47 48 49 59 60 61 62 1
13 15 17 19 20 21 22 25 27 29 30 31 32 44 46 47 48 49 59 60 61 62 1
3 4 6 8 9 10 11 34 36 38 39 40 41 44 46 47 48 49 59 60 61 62 1
14 15 17 19 20 21 22 34 36 38 39 40 41 44 46 47 48 49 59 60 61 62 1
2 5 6 8 9 10 11 26 27 29 30 31 32 51 53 54 55 56 59 60 61 62 1
13 16 17 19 20 21 22 26 27 29 30 31 32 51 53 54 55 56 59 60 61 62 1
3 5 6 8 9 10 11 35 36 38 39 40 41 51 53 54 55 56 59 60 61 62 1
14 16 17 19 20 21 22 35 36 38 39 40 41 51 53 54 55 56 59 60 61 62 1
63 -7
6 63 1
12 63 1
6 12 63 -1
17 63 1
23 63 1
17 23 63 -1
27 63 1
33 63 1
27 33 63 -1
36 63 1
42 63 1
36 42 63 -1
44 63 1
50 63 1
44 50 63 -1
51 63 1
57 63 1
51 57 63 -1
2 4 6 8 9 10 12 25 27 29 30 31 33 44 46 47 48 50 59 60 61 63 1
13 15 17 19 20 21 23 25 27 29 30 31 33 44 46 47 48 50 59 60 61 63 1
3 4 6 8 9 10 12 34 36 38 39 40 42 44 46 47 48 50 59 60 61 63 1
14 15 17 19 20 21 23 34 36 38 39 40 42 44 46 47 48 50 59 60 61 63 1
2 5 6 8 9 10 12 26 27 29 30 31 33 51 53 54 55 57 59 60 61 63 1
13 16 17 19 20 21 23 26 27 29 30 31 33 51 53 54 55 57 59 60 61 63 1
3 5 6 8 9 10 12 35 36 38 39 40 42 51 53 54 55 57 59 60 61 63 1
14 16 17 19 20 21 23 35 36 38 39 40 42 51 53 54 55 57 59 60 61 63 1
2 4 6 8 9 11 12 25 27 29 30 32 33 44 46 47 49 50 59 60 62 63 1
13 15 17 19 20 22 23 25 27 29 30 32 33 44 46 47 49 50 59 60 62 63 1
3 4 6 8 9 11 12 34 36 38 39 41 42 44 46 47 49 50 59 60 62 63 1
14 15 17 19 20 22 23 34 36 38 39 41 42 44 46 47 49 50 59 60 62 63 1
2 5 6 8 9 11 12 26 27 29 30 32 33 51 53 54 56 57 59 60 62 63 1
13 16 17 19 20 22 23 26 27 29 30 32 33 51 53 54 56 57 59 60 62 63 1
3 5 6 8 9 11 12 35 36 38 39 41 42 51 53 54 56 57 59 60 62 63 1
14 16 17 19 20 22 23 35 36 38 39 41 42 51 53 54 56 57 59 60 62 63 1
2 4 6 8 10 11 12 25 27 29 31 32 33 44 46 48 49 50 59 61 62 63 1
13 15 17 19 21 22 23 25 27 29 31 32 33 44 46 48 49 50 59 61 62 63 1
3 4 6 8 10 11 12 34 36 38 40 41 42 44 46 48 49 50 59 61 62 63 1
14 15 17 19 21 22 23 34 36 38 40 41 42 44 46 48 49 50 59 61 62 63 1
2 5 6 8 10 11 12 26 27 29 31 32 33 51 53 55 56 57 59 61 62 63 1
13 16 17 19 21 22 23 26 27 29 31 32 33 51 53 55 56 57 59 61 62 63 1
3 5 6 8 10 11 12 35 36 38 40 41 42 51 53 55 56 57 59 61 62 63 1
14 16 17 19 21 22 23 35 36 38 40 41 42 51 53 55 56 57 59 61 62 63 1
2 4 6 9 10 11 12 25 27 30 31 32 33 44 47 48 49 50 60 61 62 63 1
13 15 17 20 21 22 23 25 27 30 31 32 33 44 47 48 49 50 60 61 62 63 1
3 4 6 9 10 11 12 34 36 39 40 41 42 44 47 48 49 50 60 61 62 63 1
14 15 17 20 21 22 23 34 36 39 40 41 42 44 47 48 49 50 60 61 62 63 1
2 5 6 9 10 11 12 26 27 30 31 32 33 51 54 55 56 57 60 61 62 63 1
13 16 17 20 21 22 23 26 27 30 31 32 33 51 54 55 56 57 60 61 62 63 1
3 5 6 9 10 11 12 35 36 39 40 41 42 51 54 55 56 57 60 61 62 63 1
14 16 17 20 21 22 23 35 36 39 40 41 42 51 54 55 56 57 60 61 62 63 1
2 6 8 9 10 11 12 27 29 30 31 32 33 59 60 61 62 63 1
13 17 19 20 21 22 23 27 29 30 31 32 33 59 60 61 62 63 1
3 6 8 9 10 11 12 36 38 39 40 41 42 59 60 61 62 63 1
14 17 19 20 21 22 23 36 38 39 40 41 42 59 60 61 62 63 1
4 6 8 9 10 11 12 44 46 47 48 49 50 59 60 61 62 63 1
15 17 19 20 21 22 23 44 46 47 48 49 50 59 60 61 62 63 1
25 27 29 30 31 32 33 44 46 47 48 49 50 59 60 61 62 63 1
34 36 38 39 40 41 42 44 46 47 48 49 50 59 60 61 62 63 1
5 6 8 9 10 11 12 51 53 54 55 56 57 59 60 61 62 63 1
16 17 19 20 21 22 23 51 53 54 55 56 57 59 60 61 62 63 1
26 27 29 30 31 32 33 51 53 54 55 56 57 59 60 61 62 63 1
35 36 38 39 40 41 42 51 53 54 55 56 57 59 60 61 62 63 1
64 -7
7 64 1
8 64 1
7 8 64 -1
18 64 1
19 64 1
18 19 64 -1
28 64 1
29 64 1
28 29 64 -1
37 64 1
38 64 1
37 38 64 -1
45 64 1
46 64 1
45 46 64 -1
52 64 1
53 64 1
52 53 64 -1
59 64 1
65 -7
7 65 1
9 65 1
7 9 65 -1
18 65 1
20 65 1
18 20 65 -1
28 65 1
30 65 1
28 30 65 -1
37 65 1
39 65 1
37 39 65 -1
45 65 1
47 65 1
45 47 65 -1
52 65 1
54 65 1
52 54 65 -1
60 65 1
66 -7
7 66 1
10 66 1
7 10 66 -1
18 66 1
21 66 1
18 21 66 -1
28 66 1
31 66 1
28 31 66 -1
37 66 1
40 66 1
37 40 66 -1
45 66 1
48 66 1
45 48 66 -1
52 66 1
55 66 1
52 55 66 -1
61 66 1
67 -7
7 67 1
11 67 1
7 11 67 -1
18 67 1
22 67 1
18 22 67 -1
28 67 1
32 67 1
28 32 67 -1
37 67 1
41 67 1
37 41 67 -1
45 67 1
49 67 1
45 49 67 -1
52 67 1
56 67 1
52 56 67 -1
62 67 1
2 4 7 8 9 10 11 25 28 29 30 31 32 45 46 47 48 49 64 65 66 67 1
13 15 18 19 20 21 22 25 28 29 30 31 32 45 46 47 48 49 64 65 66 67 1
3 4 7 8 9 10 11 34 37 38 39 40 41 45 46 47 48 49 64 65 66 67 1
14 15 18 19 20 21 22 34 37 38 39 40 41 45 46 47 48 49 64 65 66 67 1
2 5 7 8 9 10 11 26 28 29 30 31 32 52 53 54 55 56 64 65 66 67 1
13 16 18 19 20 21 22 26 28 29 30 31 32 52 53 54 55 56 64 65 66 67 1
3 5 7 8 9 10 11 35 37 38 39 40 41 52 53 54 55 56 64 65 66 67 1
14 16 18 19 20 21 22 35 37 38 39 40 41 52 53 54 55 56 64 65 66 67 1
68 -7
7 68 1
12 68 1
7 12 68 -1
18 68 1
23 68 1
18 23 68 -1
28 68 1
33 68 1
28 33 68 -1
37 68 1
42 68 1
37 42 68 -1
45 68 1
50 68 1
45 50 68 -1
52 68 1
57 68 1
52 57 68 -1
63 68 1
2 4 7 8 9 10 12 25 28 29 30 31 33 45 46 47 48 50 64 65 66 68 1
13 15 18 19 20 21 23 25 28 29 30 31 33 45 46 47 48 50 64 65 66 68 1
3 4 7 8 9 10 12 34 37 38 39 40 42 45 46 47 48 50 64 65 66 68 1
14 15 18 19 20 21 23 34 37 38 39 40 42 45 46 47 48 50 64 65 66 68 1
2 5 7 8 9 10 12 26 28 29 30 31 33 52 53 54 55 57 64 65 66 68 1
13 16 18 19 20 21 23 26 28 29 30 31 33 52 53 54 55 57 64 65 66 68 1
3 5 7 8 9 10 12 35 37 38 39 40 42 52 53 54 55 57 64 65 66 68 1
14 16 18 19 20 21 23 35 37 38 39 40 42 52 53 54 55 57 64 65 66 68 1
2 4 7 8 9 11 12 25 28 29 30 32 33 45 46 47 49 50 64 65 67 68 1
13 15 18 19 20 22 23 25 28 29 30 32 33 45 46 47 49 50 64 65 67 68 1
3 4 7 8 9 11 12 34 37 38 39 41 42 45 46 47 49 50 64 65 67 68 1
14 15 18 19 20 22 23 34 37 38 39 41 42 45 46 47 49 50 64 65 67 68 1
2 5 7 8 9 11 12 26 28 29 30 32 33 52 53 54 56 57 64 65 67 68 1
13 16 18 19 20 22 23 26 28 29 30 32 33 52 53 54 56 57 64 65 67 68 1
3 5 7 8 9 11 12 35 37 38 39 41 42 52 53 54 56 57 64 65 67 68 1
14 16 18 19 20 22 23 35 37 38 39 41 42 52 53 54 56 57 64 65 67 68 1
2 4 7 8 10 11 12 25 28 29 31 32 33 45 46 48 49 50 64 66 67 68 1
13 15 18 19 21 22 23 25 28 29 31 32 33 45 46 48 49 50 64 66 67 68 1
3 4 7 8 10 11 12 34 37 38 40 41 42 45 46 48 49 50 64 66 67 68 1
14 15 18 19 21 22 23 34 37 38 40 41 42 45 46 48 49 50 64 66 67 68 1
2 5 7 8 10 11 12 26 28 29 31 32 33 52 53 55 56 57 64 66 67 68 1
13 16 18 19 21 22 23 26 28 29 31 32 33 52 53 55 56 57 64 66 67 68 1
3 5 7 8 10 11 12 35 37 38 40 41 42 52 53 55 56 57 64 66 67 68 1
14 16 18 19 21 22 23 35 37 38 40 41 42 52 53 55 56 57 64 66 67 68 1
2 4 7 9 10 11 12 25 28 30 31 32 33 45 47 48 49 50 65 66 67 68 1
13 15 18 20 21 22 23 25 28 30 31 32 33 45 47 48 49 50 65 66 67 68 1
3 4 7 9 10 11 12 34 37 39 40 41 42 45 47 48 49 50 65 66 67 68 1
14 15 18 20 21 22 23 34 37 39 40 41 42 45 47 48 49 50 65 66 67 68 1
2 5 7 9 10 11 12 26 28 30 31 32 33 52 54 55 56 57 65 66 67 68 1
13 16 18 20 21 22 23 26 28 30 31 32 33 52 54 55 56 57 65 66 67 68 1
3 5 7 9 10 11 12 35 37 39 40 41 42 52 54 55 56 57 65 66 67 68 1
14 16 18 20 21 22 23 35 37 39 40 41 42 52 54 55 56 57 65 66 67 68 1
2 7 8 9 10 11 12 28 29 30 31 32 33 64 65 66 67 68 1
13 18 19 20 21 22 23 28 29 30 31 32 33 64 65 66 67 68 1
3 7 8 9 10 11 12 37 38 39 40 41 42 64 65 66 67 68 1
14 18 19 20 21 22 23 37 38 39 40 41 42 64 65 66 67 68 1
4 7 8 9 10 11 12 45 46 47 48 49 50 64 65 66 67 68 1
15 18 19 20 21 22 23 45 46 47 48 49 50 64 65 66 67 68 1
25 28 29 30 31 32 33 45 46 47 48 49 50 64 65 66 67 68 1
34 37 38 39 40 41 42 45 46 47 48 49 50 64 65 66 67 68 1
5 7 8 9 10 11 12 52 53 54 55 56 57 64 65 66 67 68 1
16 18 19 20 21 22 23 52 53 54 55 56 57 64 65 66 67 68 1
26 28 29 30 31 32 33 52 53 54 55 56 57 64 65 66 67 68 1
35 37 38 39 40 41 42 52 53 54 55 56 57 64 65 66 67 68 1
#
125
2 -11
3 -11
2 3 1
4 -11
2 4 1
3 4 1
5 -11
2 5 1
3 5 1
4 5 1
6 -5
2 6 1
3 6 1
4 6 1
5 6 1
7 -5
2 7 1
3 7 1
4 7 1
5 7 1
8 -5
2 8 1
3 8 1
4 8 1
5 8 1
9 -5
2 9 1
3 9 1
4 9 1
5 9 1
10 -5
2 10 1
3 10 1
4 10 1
5 10 1
11 -5
2 11 1
3 11 1
4 11 1
5 11 1
12 -5
2 12 1
3 12 1
4 12 1
5 12 1
6 7 8 9 10 11 12 1
13 -11
2 13 1
14 -11
3 14 1
13 14 1
15 -11
4 15 1
13 15 1
14 15 1
16 -11
5 16 1
13 16 1
14 16 1
15 16 1
17 -5
6 17 1
13 17 1
14 17 1
15 17 1
16 17 1
18 -5
7 18 1
13 18 1
14 18 1
15 18 1
16 18 1
19 -5
8 19 1
13 19 1
14 19 1
15 19 1
16 19 1
20 -5
9 20 1
13 20 1
14 20 1
15 20 1
16 20 1
21 -5
10 21 1
13 21 1
14 21 1
15 21 1
16 21 1
22 -5
11 22 1
13 22 1
14 22 1
15 22 1
16 22 1
23 -5
12 23 1
13 23 1
14 23 1
15 23 1
16 23 1
17 18 19 20 21 22 23 1
25 -11
2 25 1
4 25 1
2 4 25 -1
13 25 1
15 25 1
13 15 25 -1
26 -11
2 26 1
5 26 1
2 5 26 -1
13 26 1
16 26 1
13 16 26 -1
25 26 1
27 -5
2 27 1
6 27 1
2 6 27 -1
13 27 1
17 27 1
13 17 27 -1
25 27 1
26 27 1
28 -5
2 28 1
7 28 1
2 7 28 -1
13 28 1
18 28 1
13 18 28 -1
25 28 1
26 28 1
29 -5
2 29 1
8 29 1
2 8 29 -1
13 29 1
19 29 1
13 19 29 -1
25 29 1
26 29 1
30 -5
2 30 1
9 30 1
2 9 30 -1
13 30 1
20 30 1
13 20 30 -1
25 30 1
26 30 1
31 -5
2 31 1
10 31 1
2 10 31 -1
13 31 1
21 31 1
13 21 31 -1
25 31 1
26 31 1
32 -5
2 32 1
11 32 1
2 11 32 -1
13 32 1
22 32 1
13 22 32 -1
25 32 1
26 32 1
2 6 7 8 9 10 11 27 28 29 30 31 32 1
13 17 18 19 20 21 22 27 28 29 30 31 32 1
33 -5
2 33 1
12 33 1
2 12 33 -1
13 33 1
23 33 1
13 23 33 -1
25 33 1
26 33 1
2 6 7 8 9 10 12 27 28 29 30 31 33 1
13 17 18 19 20 21 23 27 28 29 30 31 33 1
2 6 7 8 9 11 12 27 28 29 30 32 33 1
13 17 18 19 20 22 23 27 28 29 30 32 33 1
2 6 7 8 10 11 12 27 28 29 31 32 33 1
13 17 18 19 21 22 23 27 28 29 31 32 33 1
2 6 7 9 10 11 12 27 28 30 31 32 33 1
13 17 18 20 21 22 23 27 28 30 31 32 33 1
2 6 8 9 10 11 12 27 29 30 31 32 33 1
13 17 19 20 21 22 23 27 29 30 31 32 33 1
2 7 8 9 10 11 12 28 29 30 31 32 33 1
13 18 19 20 21 22 23 28 29 30 31 32 33 1
27 28 29 30 31 32 33 1
34 -11
3 34 1
4 34 1
3 4 34 -1
14 34 1
15 34 1
14 15 34 -1
25 34 1
35 -11
3 35 1
5 35 1
3 5 35 -1
14 35 1
16 35 1
14 16 35 -1
26 35 1
34 35 1
36 -5
3 36 1
6 36 1
3 6 36 -1
14 36 1
17 36 1
14 17 36 -1
27 36 1
34 36 1
35 36 1
37 -5
3 37 1
7 37 1
3 7 37 -1
14 37 1
18 37 1
14 18 37 -1
28 37 1
34 37 1
35 37 1
38 -5
3 38 1
8 38 1
3 8 38 -1
14 38 1
19 38 1
14 19 38 -1
29 38 1
34 38 1
35 38 1
39 -5
3 39 1
9 39 1
3 9 39 -1
14 39 1
20 39 1
14 20 39 -1
30 39 1
34 39 1
35 39 1
40 -5
3 40 1
10 40 1
3 10 40 -1
14 40 1
21 40 1
14 21 40 -1
31 40 1
34 40 1
35 40 1
41 -5
3 41 1
11 41 1
3 11 41 -1
14 41 1
22 41 1
14 22 41 -1
32 41 1
34 41 1
35 41 1
3 6 7 8 9 10 11 36 37 38 39 40 41 1
14 17 18 19 20 21 22 36 37 38 39 40 41 1
42 -5
3 42 1
12 42 1
3 12 42 -1
14 42 1
23 42 1
14 23 42 -1
33 42 1
34 42 1
35 42 1
3 6 7 8 9 10 12 36 37 38 39 40 42 1
14 17 18 19 20 21 23 36 37 38 39 40 42 1
3 6 7 8 9 11 12 36 37 38 39 41 42 1
14 17 18 19 20 22 23 36 37 38 39 41 42 1
3 6 7 8 10 11 12 36 37 38 40 41 42 1
14 17 18 19 21 22 23 36 37 38 40 41 42 1
3 6 7 9 10 11 12 36 37 39 40 41 42 1
14 17 18 20 21 22 23 36 37 39 40 41 42 1
3 6 8 9 10 11 12 36 38 39 40 41 42 1
14 17 19 20 21 22 23 36 38 39 40 41 42 1
3 7 8 9 10 11 12 37 38 39 40 41 42 1
14 18 19 20 21 22 23 37 38 39 40 41 42 1
36 37 38 39 40 41 42 1
44 -5
4 44 1
6 44 1
4 6 44 -1
15 44 1
17 44 1
15 17 44 -1
25 44 1
27 44 1
25 27 44 -1
34 44 1
36 44 1
34 36 44 -1
45 -5
4 45 1
7 45 1
4 7 45 -1
15 45 1
18 45 1
15 18 45 -1
25 45 1
28 45 1
25 28 45 -1
34 45 1
37 45 1
34 37 45 -1
46 -5
4 46 1
8 46 1
4 8 46 -1
15 46 1
19 46 1
15 19 46 -1
25 46 1
29 46 1
25 29 46 -1
34 46 1
38 46 1
34 38 46 -1
47 -5
4 47 1
9 47 1
4 9 47 -1
15 47 1
20 47 1
15 20 47 -1
25 47 1
30 47 1
25 30 47 -1
34 47 1
39 47 1
34 39 47 -1
48 -5
4 48 1
10 48 1
4 10 48 -1
15 48 1
21 48 1
15 21 48 -1
25 48 1
31 48 1
25 31 48 -1
34 48 1
40 48 1
34 40 48 -1
2 4 6 7 8 9 10 25 27 28 29 30 31 44 45 46 47 48 1
13 15 17 18 19 20 21 25 27 28 29 30 31 44 45 46 47 48 1
3 4 6 7 8 9 10 34 36 37 38 39 40 44 45 46 47 48 1
14 15 17 18 19 20 21 34 36 37 38 39 40 44 45 46 47 48 1
49 -5
4 49 1
11 49 1
4 11 49 -1
15 49 1
22 49 1
15 22 49 -1
25 49 1
32 49 1
25 32 49 -1
34 49 1
41 49 1
34 41 49 -1
2 4 6 7 8 9 11 25 27 28 29 30 32 44 45 46 47 49 1
13 15 17 18 19 20 22 25 27 28 29 30 32 44 45 46 47 49 1
3 4 6 7 8 9 11 34 36 37 38 39 41 44 45 46 47 49 1
14 15 17 18 19 20 22 34 36 37 38 39 41 44 45 46 47 49 1
2 4 6 7 8 10 11 25 27 28 29 31 32 44 45 46 48 49 1
13 15 17 18 19 21 22 25 27 28 29 31 32 44 45 46 48 49 1
3 4 6 7 8 10 11 34 36 37 38 40 41 44 45 46 48 49 1
14 15 17 18 19 21 22 34 36 37 38 40 41 44 45 46 48 49 1
2 4 6 7 9 10 11 25 27 28 30 31 32 44 45 47 48 49 1
13 15 17 18 20 21 22 25 27 28 30 31 32 44 45 47 48 49 1
3 4 6 7 9 10 11 34 36 37 39 40 41 44 45 47 48 49 1
14 15 17 18 20 21 22 34 36 37 39 40 41 44 45 47 48 49 1
2 4 6 8 9 10 11 25 27 29 30 31 32 44 46 47 48 49 1
13 15 17 19 20 21 22 25 27 29 30 31 32 44 46 47 48 49 1
3 4 6 8 9 10 11 34 36 38 39 40 41 44 46 47 48 49 1
14 15 17 19 20 21 22 34 36 38 39 40 41 44 46 47 48 49 1
2 4 7 8 9 10 11 25 28 29 30 31 32 45 46 47 48 49 1
13 15 18 19 20 21 22 25 28 29 30 31 32 45 46 47 48 49 1
3 4 7 8 9 10 11 34 37 38 39 40 41 45 46 47 48 49 1
14 15 18 19 20 21 22 34 37 38 39 40 41 45 46 47 48 49 1
4 6 7 8 9 10 11 44 45 46 47 48 49 1
15 17 18 19 20 21 22 44 45 46 47 48 49 1
25 27 28 29 30 31 32 44 45 46 47 48 49 1
34 36 37 38 39 40 41 44 45 46 47 48 49 1
50 -5
4 50 1
12 50 1
4 12 50 -1
15 50 1
23 50 1
15 23 50 -1
25 50 1
33 50 1
25 33 50 -1
34 50 1
42 50 1
34 42 50 -1
2 4 6 7 8 9 12 25 27 28 29 30 33 44 45 46 47 50 1
13 15 17 18 19 20 23 25 27 28 29 30 33 44 45 46 47 50 1
3 4 6 7 8 9 12 34 36 37 38 39 42 44 45 46 47 50 1
14 15 17 18 19 20 23 34 36 37 38 39 42 44 45 46 47 50 1
2 4 6 7 8 10 12 25 27 28 29 31 33 44 45 46 48 50 1
13 15 17 18 19 21 23 25 27 28 29 31 33 44 45 46 48 50 1
3 4 6 7 8 10 12 34 36 37 38 40 42 44 45 46 48 50 1
14 15 17 18 19 21 23 34 36 37 38 40 42 44 45 46 48 50 1
2 4 6 7 9 10 12 25 27 28 30 31 33 44 45 47 48 50 1
13 15 17 18 20 21 23 25 27 28 30 31 33 44 45 47 48 50 1
3 4 6 7 9 10 12 34 36 37 39 40 42 44 45 47 48 50 1
14 15 17 18 20 21 23 34 36 37 39 40 42 44 45 47 48 50 1
2 4 6 8 9 10 12 25 27 29 30 31 33 44 46 47 48 50 1
13 15 17 19 20 21 23 25 27 29 30 31 33 44 46 47 48 50 1
3 4 6 8 9 10 12 34 36 38 39 40 42 44 46 47 48 50 1
14 15 17 19 20 21 23 34 36 38 39 40 42 44 46 47 48 50 1
2 4 7 8 9 10 12 25 28 29 30 31 33 45 46 47 48 50 1
13 15 18 19 20 21 23 25 28 29 30 31 33 45 46 47 48 50 1
3 4 7 8 9 10 12 34 37 38 39 40 42 45 46 47 48 50 1
14 15 18 19 20 21 23 34 37 38 39 40 42 45 46 47 48 50 1
4 6 7 8 9 10 12 44 45 46 47 48 50 1
15 17 18 19 20 21 23 44 45 46 47 48 50 1
25 27 28 29 30 31 33 44 45 46 47 48 50 1
34 36 37 38 39 40 42 44 45 46 47 48 50 1
2 4 6 7 8 11 12 25 27 28 29 32 33 44 45 46 49 50 1
13 15 17 18 19 22 23 25 27 28 29 32 33 44 45 46 49 50 1
3 4 6 7 8 11 12 34 36 37 38 41 42 44 45 46 49 50 1
14 15 17 18 19 22 23 34 36 37 38 41 42 44 45 46 49 50 1
2 4 6 7 9 11 12 25 27 28 30 32 33 44 45 47 49 50 1
13 15 17 18 20 22 23 25 27 28 30 32 33 44 45 47 49 50 1
3 4 6 7 9 11 12 34 36 37 39 41 42 44 45 47 49 50 1
14 15 17 18 20 22 23 34 36 37 39 41 42 44 45 47 49 50 1
2 4 6 8 9 11 12 25 27 29 30 32 33 44 46 47 49 50 1
13 15 17 19 20 22 23 25 27 29 30 32 33 44 46 47 49 50 1
3 4 6 8 9 11 12 34 36 38 39 41 42 44 46 47 49 50 1
14 15 17 19 20 22 23 34 36 38 39 41 42 44 46 47 49 50 1
2 4 7 8 9 11 12 25 28 29 30 32 33 45 46 47 49 50 1
13 15 18 19 20 22 23 25 28 29 30 32 33 45 46 47 49 50 1
3 4 7 8 9 11 12 34 37 38 39 41 42 45 46 47 49 50 1
14 15 18 19 20 22 23 34 37 38 39 41 42 45 46 47 49 50 1
4 6 7 8 9 11 12 44 45 46 47 49 50 1
15 17 18 19 20 22 23 44 45 46 47 49 50 1
25 27 28 29 30 32 33 44 45 46 47 49 50 1
34 36 37 38 39 41 42 44 45 46 47 49 50 1
2 4 6 7 10 11 12 25 27 28 31 32 33 44 45 48 49 50 1
13 15 17 18 21 22 23 25 27 28 31 32 33 44 45 48 49 50 1
3 4 6 7 10 11 12 34 36 37 40 41 42 44 45 48 49 50 1
14 15 17 18 21 22 23 34 36 37 40 41 42 44 45 48 49 50 1
2 4 6 8 10 11 12 25 27 29 31 32 33 44 46 48 49 50 1
13 15 17 19 21 22 23 25 27 29 31 32 33 44 46 48 49 50 1
3 4 6 8 10 11 12 34 36 38 40 41 42 44 46 48 49 50 1
14 15 17 19 21 22 23 34 36 38 40 41 42 44 46 48 49 50 1
2 4 7 8 10 11 12 25 28 29 31 32 33 45 46 48 49 50 1
13 15 18 19 21 22 23 25 28 29 31 32 33 45 46 48 49 50 1
3 4 7 8 10 11 12 34 37 38 40 41 42 45 46 48 49 50 1
14 15 18 19 21 22 23 34 37 38 40 41 42 45 46 48 49 50 1
4 6 7 8 10 11 12 44 45 46 48 49 50 1
15 17 18 19 21 22 23 44 45 46 48 49 50 1
25 27 28 29 31 32 33 44 45 46 48 49 50 1
34 36 37 38 40 41 42 44 45 46 48 49 50 1
2 4 6 9 10 11 12 25 27 30 31 32 33 44 47 48 49 50 1
13 15 17 20 21 22 23 25 27 30 31 32 33 44 47 48 49 50 1
3 4 6 9 10 11 12 34 36 39 40 41 42 44 47 48 49 50 1
14 15 17 20 21 22 23 34 36 39 40 41 42 44 47 48 49 50 1
2 4 7 9 10 11 12 25 28 30 31 32 33 45 47 48 49 50 1
13 15 18 20 21 22 23 25 28 30 31 32 33 45 47 48 49 50 1
3 4 7 9 10 11 12 34 37 39 40 41 42 45 47 48 49 50 1
14 15 18 20 21 22 23 34 37 39 40 41 42 45 47 48 49 50 1
4 6 7 9 10 11 12 44 45 47 48 49 50 1
15 17 18 20 21 22 23 44 45 47 48 49 50 1
25 27 28 30 31 32 33 44 45 47 48 49 50 1
34 36 37 39 40 41 42 44 45 47 48 49 50 1
2 4 8 9 10 11 12 25 29 30 31 32 33 46 47 48 49 50 1
13 15 19 20 21 22 23 25 29 30 31 32 33 46 47 48 49 50 1
3 4 8 9 10 11 12 34 38 39 40 41 42 46 47 48 49 50 1
14 15 19 20 21 22 23 34 38 39 40 41 42 46 47 48 49 50 1
4 6 8 9 10 11 12 44 46 47 48 49 50 1
15 17 19 20 21 22 23 44 46 47 48 49 50 1
25 27 29 30 31 32 33 44 46 47 48 49 50 1
34 36 38 39 40 41 42 44 46 47 48 49 50 1
4 7 8 9 10 11 12 45 46 47 48 49 50 1
15 18 19 20 21 22 23 45 46 47 48 49 50 1
25 28 29 30 31 32 33 45 46 47 48 49 50 1
34 37 38 39 40 41 42 45 46 47 48 49 50 1
44 45 46 47 48 49 50 1
51 -5
5 51 1
6 51 1
5 6 51 -1
16 51 1
17 51 1
16 17 51 -1
26 51 1
27 51 1
26 27 51 -1
35 51 1
36 51 1
35 36 51 -1
44 51 1
52 -5
5 52 1
7 52 1
5 7 52 -1
16 52 1
18 52 1
16 18 52 -1
26 52 1
28 52 1
26 28 52 -1
35 52 1
37 52 1
35 37 52 -1
45 52 1
53 -5
5 53 1
8 53 1
5 8 53 -1
16 53 1
19 53 1
16 19 53 -1
26 53 1
29 53 1
26 29 53 -1
35 53 1
38 53 1
35 38 53 -1
46 53 1
54 -5
5 54 1
9 54 1
5 9 54 -1
16 54 1
20 54 1
16 20 54 -1
26 54 1
30 54 1
26 30 54 -1
35 54 1
39 54 1
35 39 54 -1
47 54 1
55 -5
5 55 1
10 55 1
5 10 55 -1
16 55 1
21 55 1
16 21 55 -1
26 55 1
31 55 1
26 31 55 -1
35 55 1
40 55 1
35 40 55 -1
48 55 1
2 5 6 7 8 9 10 26 27 28 29 30 31 51 52 53 54 55 1
13 16 17 18 19 20 21 26 27 28 29 30 31 51 52 53 54 55 1
3 5 6 7 8 9 10 35 36 37 38 39 40 51 52 53 54 55 1
14 16 17 18 19 20 21 35 36 37 38 39 40 51 52 53 54 55 1
56 -5
5 56 1
11 56 1
5 11 56 -1
16 56 1
22 56 1
16 22 56 -1
26 56 1
32 56 1
26 32 56 -1
35 56 1
41 56 1
35 41 56 -1
49 56 1
2 5 6 7 8 9 11 26 27 28 29 30 32 51 52 53 54 56 1
13 16 17 18 19 20 22 26 27 28 29 30 32 51 52 53 54 56 1
3 5 6 7 8 9 11 35 36 37 38 39 41 51 52 53 54 56 1
14 16 17 18 19 20 22 35 36 37 38 39 41 51 52 53 54 56 1
2 5 6 7 8 10 11 26 27 28 29 31 32 51 52 53 55 56 1
13 16 17 18 19 21 22 26 27 28 29 31 32 51 52 53 55 56 1
3 5 6 7 8 10 11 35 36 37 38 40 41 51 52 53 55 56 1
14 16 17 18 19 21 22 35 36 37 38 40 41 51 52 53 55 56 1
2 5 6 7 9 10 11 26 27 28 30 31 32 51 52 54 55 56 1
13 16 17 18 20 21 22 26 27 28 30 31 32 51 52 54 55 56 1
3 5 6 7 9 10 11 35 36 37 39 40 41 51 52 54 55 56 1
14 16 17 18 20 21 22 35 36 37 39 40 41 51 52 54 55 56 1
2 5 6 8 9 10 11 26 27 29 30 31 32 51 53 54 55 56 1
13 16 17 19 20 21 22 26 27 29 30 31 32 51 53 54 55 56 1
3 5 6 8 9 10 11 35 36 38 39 40 41 51 53 54 55 56 1
14 16 17 19 20 21 22 35 36 38 39 40 41 51 53 54 55 56 1
2 5 7 8 9 10 11 26 28 29 30 31 32 52 53 54 55 56 1
13 16 18 19 20 21 22 26 28 29 30 31 32 52 53 54 55 56 1
3 5 7 8 9 10 11 35 37 38 39 40 41 52 53 54 55 56 1
14 16 18 19 20 21 22 35 37 38 39 40 41 52 53 54 55 56 1
5 6 7 8 9 10 11 51 52 53 54 55 56 1
16 17 18 19 20 21 22 51 52 53 54 55 56 1
26 27 28 29 30 31 32 51 52 53 54 55 56 1
35 36 37 38 39 40 41 51 52 53 54 55 56 1
57 -5
5 57 1
12 57 1
5 12 57 -1
16 57 1
23 57 1
16 23 57 -1
26 57 1
33 57 1
26 33 57 -1
35 57 1
42 57 1
35 42 57 -1
50 57 1
2 5 6 7 8 9 12 26 27 28 29 30 33 51 52 53 54 57 1
13 16 17 18 19 20 23 26 27 28 29 30 33 51 52 53 54 57 1
3 5 6 7 8 9 12 35 36 37 38 39 42 51 52 53 54 57 1
14 16 17 18 19 20 23 35 36 37 38 39 42 51 52 53 54 57 1
2 5 6 7 8 10 12 26 27 28 29 31 33 51 52 53 55 57 1
13 16 17 18 19 21 23 26 27 28 29 31 33 51 52 53 55 57 1
3 5 6 7 8 10 12 35 36 37 38 40 42 51 52 53 55 57 1
14 16 17 18 19 21 23 35 36 37 38 40 42 51 52 53 55 57 1
2 5 6 7 9 10 12 26 27 28 30 31 33 51 52 54 55 57 1
13 16 17 18 20 21 23 26 27 28 30 31 33 51 52 54 55 57 1
3 5 6 7 9 10 12 35 36 37 39 40 42 51 52 54 55 57 1
14 16 17 18 20 21 23 35 36 37 39 40 42 51 52 54 55 57 1
2 5 6 8 9 10 12 26 27 29 30 31 33 51 53 54 55 57 1
13 16 17 19 20 21 23 26 27 29 30 31 33 51 53 54 55 57 1
3 5 6 8 9 10 12 35 36 38 39 40 42 51 53 54 55 57 1
14 16 17 19 20 21 23 35 36 38 39 40 42 51 53 54 55 57 1
2 5 7 8 9 10 12 26 28 29 30 31 33 52 53 54 55 57 1
13 16 18 19 20 21 23 26 28 29 30 31 33 52 53 54 55 57 1
3 5 7 8 9 10 12 35 37 38 39 40 42 52 53 54 55 57 1
14 16 18 19 20 21 23 35 37 38 39 40 42 52 53 54 55 57 1
5 6 7 8 9 10 12 51 52 53 54 55 57 1
16 17 18 19 20 21 23 51 52 53 54 55 57 1
26 27 28 29 30 31 33 51 52 53 54 55 57 1
35 36 37 38 39 40 42 51 52 53 54 55 57 1
2 5 6 7 8 11 12 26 27 28 29 32 33 51 52 53 56 57 1
13 16 17 18 19 22 23 26 27 28 29 32 33 51 52 53 56 57 1
3 5 6 7 8 11 12 35 36 37 38 41 42 51 52 53 56 57 1
14 16 17 18 19 22 23 35 36 37 38 41 42 51 52 53 56 57 1
2 5 6 7 9 11 12 26 27 28 30 32 33 51 52 54 56 57 1
13 16 17 18 20 22 23 26 27 28 30 32 33 51 52 54 56 57 1
3 5 6 7 9 11 12 35 36 37 39 41 42 51 52 54 56 57 1
14 16 17 18 20 22 23 35 36 37 39 41 42 51 52 54 56 57 1
2 5 6 8 9 11 12 26 27 29 30 32 33 51 53 54 56 57 1
13 16 17 19 20 22 23 26 27 29 30 32 33 51 53 54 56 57 1
3 5 6 8 9 11 12 35 36 38 39 41 42 51 53 54 56 57 1
14 16 17 19 20 22 23 35 36 38 39 41 42 51 53 54 56 57 1
2 5 7 8 9 11 12 26 28 29 30 32 33 52 53 54 56 57 1
13 16 18 19 20 22 23 26 28 29 30 32 33 52 53 54 56 57 1
3 5 7 8 9 11 12 35 37 38 39 41 42 52 53 54 56 57 1
14 16 18 19 20 22 23 35 37 38 39 41 42 52 53 54 56 57 1
5 6 7 8 9 11 12 51 52 53 54 56 57 1
16 17 18 19 20 22 23 51 52 53 54 56 57 1
26 27 28 29 30 32 33 51 52 53 54 56 57 1
35 36 37 38 39 41 42 51 52 53 54 56 57 1
2 5 6 7 10 11 12 26 27 28 31 32 33 51 52 55 56 57 1
13 16 17 18 21 22 23 26 27 28 31 32 33 51 52 55 56 57 1
3 5 6 7 10 11 12 35 36 37 40 41 42 51 52 55 56 57 1
14 16 17 18 21 22 23 35 36 37 40 41 42 51 52 55 56 57 1
2 5 6 8 10 11 12 26 27 29 31 32 33 51 53 55 56 57 1
13 16 17 19 21 22 23 26 27 29 31 32 33 51 53 55 56 57 1
3 5 6 8 10 11 12 35 36 38 40 41 42 51 53 55 56 57 1
14 16 17 19 21 22 23 35 36 38 40 41 42 51 53 55 56 57 1
2 5 7 8 10 11 12 26 28 29 31 32 33 52 53 55 56 57 1
13 16 18 19 21 22 23 26 28 29 31 32 33 52 53 55 56 57 1
3 5 7 8 10 11 12 35 37 38 40 41 42 52 53 55 56 57 1
14 16 18 19 21 22 23 35 37 38 40 41 42 52 53 55 56 57 1
5 6 7 8 10 11 12 51 52 53 55 56 57 1
16 17 18 19 21 22 23 51 52 53 55 56 57 1
26 27 28 29 31 32 33 51 52 53 55 56 57 1
35 36 37 38 40 41 42 51 52 53 55 56 57 1
2 5 6 9 10 11 12 26 27 30 31 32 33 51 54 55 56 57 1
13 16 17 20 21 22 23 26 27 30 31 32 33 51 54 55 56 57 1
3 5 6 9 10 11 12 35 36 39 40 41 42 51 54 55 56 57 1
14 16 17 20 21 22 23 35 36 39 40 41 42 51 54 55 56 57 1
2 5 7 9 10 11 12 26 28 30 31 32 33 52 54 55 56 57 1
13 16 18 20 21 22 23 26 28 30 31 32 33 52 54 55 56 57 1
3 5 7 9 10 11 12 35 37 39 40 41 42 52 54 55 56 57 1
14 16 18 20 21 22 23 35 37 39 40 41 42 52 54 55 56 57 1
5 6 7 9 10 11 12 51 52 54 55 56 57 1
16 17 18 20 21 22 23 51 52 54 55 56 57 1
26 27 28 30 31 32 33 51 52 54 55 56 57 1
35 36 37 39 40 41 42 51 52 54 55 56 57 1
2 5 8 9 10 11 12 26 29 30 31 32 33 53 54 55 56 57 1
13 16 19 20 21 22 23 26 29 30 31 32 33 53 54 55 56 57 1
3 5 8 9 10 11 12 35 38 39 40 41 42 53 54 55 56 57 1
14 16 19 20 21 22 23 35 38 39 40 41 42 53 54 55 56 57 1
5 6 8 9 10 11 12 51 53 54 55 56 57 1
16 17 19 20 21 22 23 51 53 54 55 56 57 1
26 27 29 30 31 32 33 51 53 54 55 56 57 1
35 36 38 39 40 41 42 51 53 54 55 56 57 1
5 7 8 9 10 11 12 52 53 54 55 56 57 1
16 18 19 20 21 22 23 52 53 54 55 56 57 1
26 28 29 30 31 32 33 52 53 54 55 56 57 1
35 37 38 39 40 41 42 52 53 54 55 56 57 1
51 52 53 54 55 56 57 1
#
