120
2 -8
3 -8
2 3 1
4 -8
2 4 1
3 4 1
5 -8
2 5 1
3 5 1
4 5 1
6 -8
2 6 1
3 6 1
4 6 1
5 6 1
7 -8
2 7 1
3 7 1
4 7 1
5 7 1
6 7 1
8 -8
2 8 1
3 8 1
4 8 1
5 8 1
6 8 1
7 8 1
9 -8
2 9 1
3 9 1
4 9 1
5 9 1
6 9 1
7 9 1
8 9 1
10 -8
2 10 1
11 -8
3 11 1
10 11 1
12 -8
4 12 1
10 12 1
11 12 1
13 -8
5 13 1
10 13 1
11 13 1
12 13 1
14 -8
6 14 1
10 14 1
11 14 1
12 14 1
13 14 1
15 -8
7 15 1
10 15 1
11 15 1
12 15 1
13 15 1
14 15 1
16 -8
8 16 1
10 16 1
11 16 1
12 16 1
13 16 1
14 16 1
15 16 1
17 -8
9 17 1
10 17 1
11 17 1
12 17 1
13 17 1
14 17 1
15 17 1
16 17 1
19 -8
2 19 1
4 19 1
2 4 19 -1
10 19 1
12 19 1
10 12 19 -1
20 -8
2 20 1
5 20 1
2 5 20 -1
10 20 1
13 20 1
10 13 20 -1
19 20 1
21 -8
2 21 1
6 21 1
2 6 21 -1
10 21 1
14 21 1
10 14 21 -1
19 21 1
20 21 1
22 -8
2 22 1
7 22 1
2 7 22 -1
10 22 1
15 22 1
10 15 22 -1
19 22 1
20 22 1
21 22 1
23 -8
2 23 1
8 23 1
2 8 23 -1
10 23 1
16 23 1
10 16 23 -1
19 23 1
20 23 1
21 23 1
22 23 1
24 -8
2 24 1
9 24 1
2 9 24 -1
10 24 1
17 24 1
10 17 24 -1
19 24 1
20 24 1
21 24 1
22 24 1
23 24 1
25 -8
3 25 1
4 25 1
3 4 25 -1
11 25 1
12 25 1
11 12 25 -1
19 25 1
26 -8
3 26 1
5 26 1
3 5 26 -1
11 26 1
13 26 1
11 13 26 -1
20 26 1
25 26 1
27 -8
3 27 1
6 27 1
3 6 27 -1
11 27 1
14 27 1
11 14 27 -1
21 27 1
25 27 1
26 27 1
28 -8
3 28 1
7 28 1
3 7 28 -1
11 28 1
15 28 1
11 15 28 -1
22 28 1
25 28 1
26 28 1
27 28 1
29 -8
3 29 1
8 29 1
3 8 29 -1
11 29 1
16 29 1
11 16 29 -1
23 29 1
25 29 1
26 29 1
27 29 1
28 29 1
30 -8
3 30 1
9 30 1
3 9 30 -1
11 30 1
17 30 1
11 17 30 -1
24 30 1
25 30 1
26 30 1
27 30 1
28 30 1
29 30 1
32 -8
4 32 1
6 32 1
4 6 32 -1
12 32 1
14 32 1
12 14 32 -1
19 32 1
21 32 1
19 21 32 -1
25 32 1
27 32 1
25 27 32 -1
33 -8
4 33 1
7 33 1
4 7 33 -1
12 33 1
15 33 1
12 15 33 -1
19 33 1
22 33 1
19 22 33 -1
25 33 1
28 33 1
25 28 33 -1
32 33 1
34 -8
4 34 1
8 34 1
4 8 34 -1
12 34 1
16 34 1
12 16 34 -1
19 34 1
23 34 1
19 23 34 -1
25 34 1
29 34 1
25 29 34 -1
32 34 1
33 34 1
35 -8
4 35 1
9 35 1
4 9 35 -1
12 35 1
17 35 1
12 17 35 -1
19 35 1
24 35 1
19 24 35 -1
25 35 1
30 35 1
25 30 35 -1
32 35 1
33 35 1
34 35 1
36 -8
5 36 1
6 36 1
5 6 36 -1
13 36 1
14 36 1
13 14 36 -1
20 36 1
21 36 1
20 21 36 -1
26 36 1
27 36 1
26 27 36 -1
32 36 1
37 -8
5 37 1
7 37 1
5 7 37 -1
13 37 1
15 37 1
13 15 37 -1
20 37 1
22 37 1
20 22 37 -1
26 37 1
28 37 1
26 28 37 -1
33 37 1
36 37 1
38 -8
5 38 1
8 38 1
5 8 38 -1
13 38 1
16 38 1
13 16 38 -1
20 38 1
23 38 1
20 23 38 -1
26 38 1
29 38 1
26 29 38 -1
34 38 1
36 38 1
37 38 1
39 -8
5 39 1
9 39 1
5 9 39 -1
13 39 1
17 39 1
13 17 39 -1
20 39 1
24 39 1
20 24 39 -1
26 39 1
30 39 1
26 30 39 -1
35 39 1
36 39 1
37 39 1
38 39 1
41 -8
6 41 1
8 41 1
6 8 41 -1
14 41 1
16 41 1
14 16 41 -1
21 41 1
23 41 1
21 23 41 -1
27 41 1
29 41 1
27 29 41 -1
32 41 1
34 41 1
32 34 41 -1
36 41 1
38 41 1
36 38 41 -1
42 -8
6 42 1
9 42 1
6 9 42 -1
14 42 1
17 42 1
14 17 42 -1
21 42 1
24 42 1
21 24 42 -1
27 42 1
30 42 1
27 30 42 -1
32 42 1
35 42 1
32 35 42 -1
36 42 1
39 42 1
36 39 42 -1
41 42 1
43 -8
7 43 1
8 43 1
7 8 43 -1
15 43 1
16 43 1
15 16 43 -1
22 43 1
23 43 1
22 23 43 -1
28 43 1
29 43 1
28 29 43 -1
33 43 1
34 43 1
33 34 43 -1
37 43 1
38 43 1
37 38 43 -1
41 43 1
44 -8
7 44 1
9 44 1
7 9 44 -1
15 44 1
17 44 1
15 17 44 -1
22 44 1
24 44 1
22 24 44 -1
28 44 1
30 44 1
28 30 44 -1
33 44 1
35 44 1
33 35 44 -1
37 44 1
39 44 1
37 39 44 -1
42 44 1
43 44 1
45 -8
8 45 1
9 45 1
8 9 45 -1
16 45 1
17 45 1
16 17 45 -1
23 45 1
24 45 1
23 24 45 -1
29 45 1
30 45 1
29 30 45 -1
34 45 1
35 45 1
34 35 45 -1
38 45 1
39 45 1
38 39 45 -1
41 45 1
42 45 1
41 42 45 -1
43 45 1
44 45 1
43 44 45 -1
#
80
2 -8
3 -8
2 3 1
4 -8
2 4 1
3 4 1
5 -8
2 5 1
3 5 1
4 5 1
6 -5
2 6 1
3 6 1
4 6 1
5 6 1
7 -5
2 7 1
3 7 1
4 7 1
5 7 1
8 -5
2 8 1
3 8 1
4 8 1
5 8 1
9 -5
2 9 1
3 9 1
4 9 1
5 9 1
10 -8
2 10 1
11 -8
3 11 1
10 11 1
12 -8
4 12 1
10 12 1
11 12 1
13 -8
5 13 1
10 13 1
11 13 1
12 13 1
14 -5
6 14 1
10 14 1
11 14 1
12 14 1
13 14 1
15 -5
7 15 1
10 15 1
11 15 1
12 15 1
13 15 1
16 -5
8 16 1
10 16 1
11 16 1
12 16 1
13 16 1
17 -5
9 17 1
10 17 1
11 17 1
12 17 1
13 17 1
19 -8
2 19 1
4 19 1
2 4 19 -1
10 19 1
12 19 1
10 12 19 -1
20 -8
2 20 1
5 20 1
2 5 20 -1
10 20 1
13 20 1
10 13 20 -1
19 20 1
21 -5
2 21 1
6 21 1
2 6 21 -1
10 21 1
14 21 1
10 14 21 -1
19 21 1
20 21 1
22 -5
2 22 1
7 22 1
2 7 22 -1
10 22 1
15 22 1
10 15 22 -1
19 22 1
20 22 1
23 -5
2 23 1
8 23 1
2 8 23 -1
10 23 1
16 23 1
10 16 23 -1
19 23 1
20 23 1
24 -5
2 24 1
9 24 1
2 9 24 -1
10 24 1
17 24 1
10 17 24 -1
19 24 1
20 24 1
25 -8
3 25 1
4 25 1
3 4 25 -1
11 25 1
12 25 1
11 12 25 -1
19 25 1
26 -8
3 26 1
5 26 1
3 5 26 -1
11 26 1
13 26 1
11 13 26 -1
20 26 1
25 26 1
27 -5
3 27 1
6 27 1
3 6 27 -1
11 27 1
14 27 1
11 14 27 -1
21 27 1
25 27 1
26 27 1
28 -5
3 28 1
7 28 1
3 7 28 -1
11 28 1
15 28 1
11 15 28 -1
22 28 1
25 28 1
26 28 1
29 -5
3 29 1
8 29 1
3 8 29 -1
11 29 1
16 29 1
11 16 29 -1
23 29 1
25 29 1
26 29 1
30 -5
3 30 1
9 30 1
3 9 30 -1
11 30 1
17 30 1
11 17 30 -1
24 30 1
25 30 1
26 30 1
32 -5
4 32 1
6 32 1
4 6 32 -1
12 32 1
14 32 1
12 14 32 -1
19 32 1
21 32 1
19 21 32 -1
25 32 1
27 32 1
25 27 32 -1
33 -5
4 33 1
7 33 1
4 7 33 -1
12 33 1
15 33 1
12 15 33 -1
19 33 1
22 33 1
19 22 33 -1
25 33 1
28 33 1
25 28 33 -1
34 -5
4 34 1
8 34 1
4 8 34 -1
12 34 1
16 34 1
12 16 34 -1
19 34 1
23 34 1
19 23 34 -1
25 34 1
29 34 1
25 29 34 -1
35 -5
4 35 1
9 35 1
4 9 35 -1
12 35 1
17 35 1
12 17 35 -1
19 35 1
24 35 1
19 24 35 -1
25 35 1
30 35 1
25 30 35 -1
36 -5
5 36 1
6 36 1
5 6 36 -1
13 36 1
14 36 1
13 14 36 -1
20 36 1
21 36 1
20 21 36 -1
26 36 1
27 36 1
26 27 36 -1
32 36 1
37 -5
5 37 1
7 37 1
5 7 37 -1
13 37 1
15 37 1
13 15 37 -1
20 37 1
22 37 1
20 22 37 -1
26 37 1
28 37 1
26 28 37 -1
33 37 1
38 -5
5 38 1
8 38 1
5 8 38 -1
13 38 1
16 38 1
13 16 38 -1
20 38 1
23 38 1
20 23 38 -1
26 38 1
29 38 1
26 29 38 -1
34 38 1
39 -5
5 39 1
9 39 1
5 9 39 -1
13 39 1
17 39 1
13 17 39 -1
20 39 1
24 39 1
20 24 39 -1
26 39 1
30 39 1
26 30 39 -1
35 39 1
#
40
2 -8
3 -8
2 3 1
4 -3
2 4 1
3 4 1
5 -3
2 5 1
3 5 1
6 -3
2 6 1
3 6 1
7 -3
2 7 1
3 7 1
8 -3
2 8 1
3 8 1
9 -3
2 9 1
3 9 1
10 -8
2 10 1
11 -8
3 11 1
10 11 1
12 -3
4 12 1
10 12 1
11 12 1
13 -3
5 13 1
10 13 1
11 13 1
14 -3
6 14 1
10 14 1
11 14 1
15 -3
7 15 1
10 15 1
11 15 1
16 -3
8 16 1
10 16 1
11 16 1
17 -3
9 17 1
10 17 1
11 17 1
19 -3
2 19 1
4 19 1
2 4 19 -1
10 19 1
12 19 1
10 12 19 -1
20 -3
2 20 1
5 20 1
2 5 20 -1
10 20 1
13 20 1
10 13 20 -1
21 -3
2 21 1
6 21 1
2 6 21 -1
10 21 1
14 21 1
10 14 21 -1
22 -3
2 22 1
7 22 1
2 7 22 -1
10 22 1
15 22 1
10 15 22 -1
23 -3
2 23 1
8 23 1
2 8 23 -1
10 23 1
16 23 1
10 16 23 -1
24 -3
2 24 1
9 24 1
2 9 24 -1
10 24 1
17 24 1
10 17 24 -1
2 4 5 6 7 8 9 19 20 21 22 23 24 1
10 12 13 14 15 16 17 19 20 21 22 23 24 1
25 -3
3 25 1
4 25 1
3 4 25 -1
11 25 1
12 25 1
11 12 25 -1
19 25 1
26 -3
3 26 1
5 26 1
3 5 26 -1
11 26 1
13 26 1
11 13 26 -1
20 26 1
27 -3
3 27 1
6 27 1
3 6 27 -1
11 27 1
14 27 1
11 14 27 -1
21 27 1
28 -3
3 28 1
7 28 1
3 7 28 -1
11 28 1
15 28 1
11 15 28 -1
22 28 1
29 -3
3 29 1
8 29 1
3 8 29 -1
11 29 1
16 29 1
11 16 29 -1
23 29 1
30 -3
3 30 1
9 30 1
3 9 30 -1
11 30 1
17 30 1
11 17 30 -1
24 30 1
3 4 5 6 7 8 9 25 26 27 28 29 30 1
11 12 13 14 15 16 17 25 26 27 28 29 30 1
#
