220
2 -10
3 -10
2 3 1
4 -10
2 4 1
3 4 1
5 -10
2 5 1
3 5 1
4 5 1
6 -10
2 6 1
3 6 1
4 6 1
5 6 1
7 -10
2 7 1
3 7 1
4 7 1
5 7 1
6 7 1
8 -10
2 8 1
3 8 1
4 8 1
5 8 1
6 8 1
7 8 1
9 -10
2 9 1
3 9 1
4 9 1
5 9 1
6 9 1
7 9 1
8 9 1
10 -10
2 10 1
3 10 1
4 10 1
5 10 1
6 10 1
7 10 1
8 10 1
9 10 1
11 -10
2 11 1
3 11 1
4 11 1
5 11 1
6 11 1
7 11 1
8 11 1
9 11 1
10 11 1
12 -10
2 12 1
13 -10
3 13 1
12 13 1
14 -10
4 14 1
12 14 1
13 14 1
15 -10
5 15 1
12 15 1
13 15 1
14 15 1
16 -10
6 16 1
12 16 1
13 16 1
14 16 1
15 16 1
17 -10
7 17 1
12 17 1
13 17 1
14 17 1
15 17 1
16 17 1
18 -10
8 18 1
12 18 1
13 18 1
14 18 1
15 18 1
16 18 1
17 18 1
19 -10
9 19 1
12 19 1
13 19 1
14 19 1
15 19 1
16 19 1
17 19 1
18 19 1
20 -10
10 20 1
12 20 1
13 20 1
14 20 1
15 20 1
16 20 1
17 20 1
18 20 1
19 20 1
21 -10
11 21 1
12 21 1
13 21 1
14 21 1
15 21 1
16 21 1
17 21 1
18 21 1
19 21 1
20 21 1
23 -10
2 23 1
4 23 1
2 4 23 -1
12 23 1
14 23 1
12 14 23 -1
24 -10
2 24 1
5 24 1
2 5 24 -1
12 24 1
15 24 1
12 15 24 -1
23 24 1
25 -10
2 25 1
6 25 1
2 6 25 -1
12 25 1
16 25 1
12 16 25 -1
23 25 1
24 25 1
26 -10
2 26 1
7 26 1
2 7 26 -1
12 26 1
17 26 1
12 17 26 -1
23 26 1
24 26 1
25 26 1
27 -10
2 27 1
8 27 1
2 8 27 -1
12 27 1
18 27 1
12 18 27 -1
23 27 1
24 27 1
25 27 1
26 27 1
28 -10
2 28 1
9 28 1
2 9 28 -1
12 28 1
19 28 1
12 19 28 -1
23 28 1
24 28 1
25 28 1
26 28 1
27 28 1
29 -10
2 29 1
10 29 1
2 10 29 -1
12 29 1
20 29 1
12 20 29 -1
23 29 1
24 29 1
25 29 1
26 29 1
27 29 1
28 29 1
30 -10
2 30 1
11 30 1
2 11 30 -1
12 30 1
21 30 1
12 21 30 -1
23 30 1
24 30 1
25 30 1
26 30 1
27 30 1
28 30 1
29 30 1
31 -10
3 31 1
4 31 1
3 4 31 -1
13 31 1
14 31 1
13 14 31 -1
23 31 1
32 -10
3 32 1
5 32 1
3 5 32 -1
13 32 1
15 32 1
13 15 32 -1
24 32 1
31 32 1
33 -10
3 33 1
6 33 1
3 6 33 -1
13 33 1
16 33 1
13 16 33 -1
25 33 1
31 33 1
32 33 1
34 -10
3 34 1
7 34 1
3 7 34 -1
13 34 1
17 34 1
13 17 34 -1
26 34 1
31 34 1
32 34 1
33 34 1
35 -10
3 35 1
8 35 1
3 8 35 -1
13 35 1
18 35 1
13 18 35 -1
27 35 1
31 35 1
32 35 1
33 35 1
34 35 1
36 -10
3 36 1
9 36 1
3 9 36 -1
13 36 1
19 36 1
13 19 36 -1
28 36 1
31 36 1
32 36 1
33 36 1
34 36 1
35 36 1
37 -10
3 37 1
10 37 1
3 10 37 -1
13 37 1
20 37 1
13 20 37 -1
29 37 1
31 37 1
32 37 1
33 37 1
34 37 1
35 37 1
36 37 1
38 -10
3 38 1
11 38 1
3 11 38 -1
13 38 1
21 38 1
13 21 38 -1
30 38 1
31 38 1
32 38 1
33 38 1
34 38 1
35 38 1
36 38 1
37 38 1
40 -10
4 40 1
6 40 1
4 6 40 -1
14 40 1
16 40 1
14 16 40 -1
23 40 1
25 40 1
23 25 40 -1
31 40 1
33 40 1
31 33 40 -1
41 -10
4 41 1
7 41 1
4 7 41 -1
14 41 1
17 41 1
14 17 41 -1
23 41 1
26 41 1
23 26 41 -1
31 41 1
34 41 1
31 34 41 -1
40 41 1
42 -10
4 42 1
8 42 1
4 8 42 -1
14 42 1
18 42 1
14 18 42 -1
23 42 1
27 42 1
23 27 42 -1
31 42 1
35 42 1
31 35 42 -1
40 42 1
41 42 1
43 -10
4 43 1
9 43 1
4 9 43 -1
14 43 1
19 43 1
14 19 43 -1
23 43 1
28 43 1
23 28 43 -1
31 43 1
36 43 1
31 36 43 -1
40 43 1
41 43 1
42 43 1
44 -10
4 44 1
10 44 1
4 10 44 -1
14 44 1
20 44 1
14 20 44 -1
23 44 1
29 44 1
23 29 44 -1
31 44 1
37 44 1
31 37 44 -1
40 44 1
41 44 1
42 44 1
43 44 1
45 -10
4 45 1
11 45 1
4 11 45 -1
14 45 1
21 45 1
14 21 45 -1
23 45 1
30 45 1
23 30 45 -1
31 45 1
38 45 1
31 38 45 -1
40 45 1
41 45 1
42 45 1
43 45 1
44 45 1
46 -10
5 46 1
6 46 1
5 6 46 -1
15 46 1
16 46 1
15 16 46 -1
24 46 1
25 46 1
24 25 46 -1
32 46 1
33 46 1
32 33 46 -1
40 46 1
47 -10
5 47 1
7 47 1
5 7 47 -1
15 47 1
17 47 1
15 17 47 -1
24 47 1
26 47 1
24 26 47 -1
32 47 1
34 47 1
32 34 47 -1
41 47 1
46 47 1
48 -10
5 48 1
8 48 1
5 8 48 -1
15 48 1
18 48 1
15 18 48 -1
24 48 1
27 48 1
24 27 48 -1
32 48 1
35 48 1
32 35 48 -1
42 48 1
46 48 1
47 48 1
49 -10
5 49 1
9 49 1
5 9 49 -1
15 49 1
19 49 1
15 19 49 -1
24 49 1
28 49 1
24 28 49 -1
32 49 1
36 49 1
32 36 49 -1
43 49 1
46 49 1
47 49 1
48 49 1
50 -10
5 50 1
10 50 1
5 10 50 -1
15 50 1
20 50 1
15 20 50 -1
24 50 1
29 50 1
24 29 50 -1
32 50 1
37 50 1
32 37 50 -1
44 50 1
46 50 1
47 50 1
48 50 1
49 50 1
51 -10
5 51 1
11 51 1
5 11 51 -1
15 51 1
21 51 1
15 21 51 -1
24 51 1
30 51 1
24 30 51 -1
32 51 1
38 51 1
32 38 51 -1
45 51 1
46 51 1
47 51 1
48 51 1
49 51 1
50 51 1
53 -10
6 53 1
8 53 1
6 8 53 -1
16 53 1
18 53 1
16 18 53 -1
25 53 1
27 53 1
25 27 53 -1
33 53 1
35 53 1
33 35 53 -1
40 53 1
42 53 1
40 42 53 -1
46 53 1
48 53 1
46 48 53 -1
54 -10
6 54 1
9 54 1
6 9 54 -1
16 54 1
19 54 1
16 19 54 -1
25 54 1
28 54 1
25 28 54 -1
33 54 1
36 54 1
33 36 54 -1
40 54 1
43 54 1
40 43 54 -1
46 54 1
49 54 1
46 49 54 -1
53 54 1
55 -10
6 55 1
10 55 1
6 10 55 -1
16 55 1
20 55 1
16 20 55 -1
25 55 1
29 55 1
25 29 55 -1
33 55 1
37 55 1
33 37 55 -1
40 55 1
44 55 1
40 44 55 -1
46 55 1
50 55 1
46 50 55 -1
53 55 1
54 55 1
56 -10
6 56 1
11 56 1
6 11 56 -1
16 56 1
21 56 1
16 21 56 -1
25 56 1
30 56 1
25 30 56 -1
33 56 1
38 56 1
33 38 56 -1
40 56 1
45 56 1
40 45 56 -1
46 56 1
51 56 1
46 51 56 -1
53 56 1
54 56 1
55 56 1
57 -10
7 57 1
8 57 1
7 8 57 -1
17 57 1
18 57 1
17 18 57 -1
26 57 1
27 57 1
26 27 57 -1
34 57 1
35 57 1
34 35 57 -1
41 57 1
42 57 1
41 42 57 -1
47 57 1
48 57 1
47 48 57 -1
53 57 1
58 -10
7 58 1
9 58 1
7 9 58 -1
17 58 1
19 58 1
17 19 58 -1
26 58 1
28 58 1
26 28 58 -1
34 58 1
36 58 1
34 36 58 -1
41 58 1
43 58 1
41 43 58 -1
47 58 1
49 58 1
47 49 58 -1
54 58 1
57 58 1
59 -10
7 59 1
10 59 1
7 10 59 -1
17 59 1
20 59 1
17 20 59 -1
26 59 1
29 59 1
26 29 59 -1
34 59 1
37 59 1
34 37 59 -1
41 59 1
44 59 1
41 44 59 -1
47 59 1
50 59 1
47 50 59 -1
55 59 1
57 59 1
58 59 1
60 -10
7 60 1
11 60 1
7 11 60 -1
17 60 1
21 60 1
17 21 60 -1
26 60 1
30 60 1
26 30 60 -1
34 60 1
38 60 1
34 38 60 -1
41 60 1
45 60 1
41 45 60 -1
47 60 1
51 60 1
47 51 60 -1
56 60 1
57 60 1
58 60 1
59 60 1
62 -10
8 62 1
10 62 1
8 10 62 -1
18 62 1
20 62 1
18 20 62 -1
27 62 1
29 62 1
27 29 62 -1
35 62 1
37 62 1
35 37 62 -1
42 62 1
44 62 1
42 44 62 -1
48 62 1
50 62 1
48 50 62 -1
53 62 1
55 62 1
53 55 62 -1
57 62 1
59 62 1
57 59 62 -1
63 -10
8 63 1
11 63 1
8 11 63 -1
18 63 1
21 63 1
18 21 63 -1
27 63 1
30 63 1
27 30 63 -1
35 63 1
38 63 1
35 38 63 -1
42 63 1
45 63 1
42 45 63 -1
48 63 1
51 63 1
48 51 63 -1
53 63 1
56 63 1
53 56 63 -1
57 63 1
60 63 1
57 60 63 -1
62 63 1
64 -10
9 64 1
10 64 1
9 10 64 -1
19 64 1
20 64 1
19 20 64 -1
28 64 1
29 64 1
28 29 64 -1
36 64 1
37 64 1
36 37 64 -1
43 64 1
44 64 1
43 44 64 -1
49 64 1
50 64 1
49 50 64 -1
54 64 1
55 64 1
54 55 64 -1
58 64 1
59 64 1
58 59 64 -1
62 64 1
65 -10
9 65 1
11 65 1
9 11 65 -1
19 65 1
21 65 1
19 21 65 -1
28 65 1
30 65 1
28 30 65 -1
36 65 1
38 65 1
36 38 65 -1
43 65 1
45 65 1
43 45 65 -1
49 65 1
51 65 1
49 51 65 -1
54 65 1
56 65 1
54 56 65 -1
58 65 1
60 65 1
58 60 65 -1
63 65 1
64 65 1
66 -10
10 66 1
11 66 1
10 11 66 -1
20 66 1
21 66 1
20 21 66 -1
29 66 1
30 66 1
29 30 66 -1
37 66 1
38 66 1
37 38 66 -1
44 66 1
45 66 1
44 45 66 -1
50 66 1
51 66 1
50 51 66 -1
55 66 1
56 66 1
55 56 66 -1
59 66 1
60 66 1
59 60 66 -1
62 66 1
63 66 1
62 63 66 -1
64 66 1
65 66 1
64 65 66 -1
#
168
2 -10
3 -10
2 3 1
4 -10
2 4 1
3 4 1
5 -10
2 5 1
3 5 1
4 5 1
6 -10
2 6 1
3 6 1
4 6 1
5 6 1
7 -10
2 7 1
3 7 1
4 7 1
5 7 1
6 7 1
8 -7
2 8 1
3 8 1
4 8 1
5 8 1
6 8 1
7 8 1
9 -7
2 9 1
3 9 1
4 9 1
5 9 1
6 9 1
7 9 1
10 -7
2 10 1
3 10 1
4 10 1
5 10 1
6 10 1
7 10 1
11 -7
2 11 1
3 11 1
4 11 1
5 11 1
6 11 1
7 11 1
12 -10
2 12 1
13 -10
3 13 1
12 13 1
14 -10
4 14 1
12 14 1
13 14 1
15 -10
5 15 1
12 15 1
13 15 1
14 15 1
16 -10
6 16 1
12 16 1
13 16 1
14 16 1
15 16 1
17 -10
7 17 1
12 17 1
13 17 1
14 17 1
15 17 1
16 17 1
18 -7
8 18 1
12 18 1
13 18 1
14 18 1
15 18 1
16 18 1
17 18 1
19 -7
9 19 1
12 19 1
13 19 1
14 19 1
15 19 1
16 19 1
17 19 1
20 -7
10 20 1
12 20 1
13 20 1
14 20 1
15 20 1
16 20 1
17 20 1
21 -7
11 21 1
12 21 1
13 21 1
14 21 1
15 21 1
16 21 1
17 21 1
23 -10
2 23 1
4 23 1
2 4 23 -1
12 23 1
14 23 1
12 14 23 -1
24 -10
2 24 1
5 24 1
2 5 24 -1
12 24 1
15 24 1
12 15 24 -1
23 24 1
25 -10
2 25 1
6 25 1
2 6 25 -1
12 25 1
16 25 1
12 16 25 -1
23 25 1
24 25 1
26 -10
2 26 1
7 26 1
2 7 26 -1
12 26 1
17 26 1
12 17 26 -1
23 26 1
24 26 1
25 26 1
27 -7
2 27 1
8 27 1
2 8 27 -1
12 27 1
18 27 1
12 18 27 -1
23 27 1
24 27 1
25 27 1
26 27 1
28 -7
2 28 1
9 28 1
2 9 28 -1
12 28 1
19 28 1
12 19 28 -1
23 28 1
24 28 1
25 28 1
26 28 1
29 -7
2 29 1
10 29 1
2 10 29 -1
12 29 1
20 29 1
12 20 29 -1
23 29 1
24 29 1
25 29 1
26 29 1
30 -7
2 30 1
11 30 1
2 11 30 -1
12 30 1
21 30 1
12 21 30 -1
23 30 1
24 30 1
25 30 1
26 30 1
31 -10
3 31 1
4 31 1
3 4 31 -1
13 31 1
14 31 1
13 14 31 -1
23 31 1
32 -10
3 32 1
5 32 1
3 5 32 -1
13 32 1
15 32 1
13 15 32 -1
24 32 1
31 32 1
33 -10
3 33 1
6 33 1
3 6 33 -1
13 33 1
16 33 1
13 16 33 -1
25 33 1
31 33 1
32 33 1
34 -10
3 34 1
7 34 1
3 7 34 -1
13 34 1
17 34 1
13 17 34 -1
26 34 1
31 34 1
32 34 1
33 34 1
35 -7
3 35 1
8 35 1
3 8 35 -1
13 35 1
18 35 1
13 18 35 -1
27 35 1
31 35 1
32 35 1
33 35 1
34 35 1
36 -7
3 36 1
9 36 1
3 9 36 -1
13 36 1
19 36 1
13 19 36 -1
28 36 1
31 36 1
32 36 1
33 36 1
34 36 1
37 -7
3 37 1
10 37 1
3 10 37 -1
13 37 1
20 37 1
13 20 37 -1
29 37 1
31 37 1
32 37 1
33 37 1
34 37 1
38 -7
3 38 1
11 38 1
3 11 38 -1
13 38 1
21 38 1
13 21 38 -1
30 38 1
31 38 1
32 38 1
33 38 1
34 38 1
40 -10
4 40 1
6 40 1
4 6 40 -1
14 40 1
16 40 1
14 16 40 -1
23 40 1
25 40 1
23 25 40 -1
31 40 1
33 40 1
31 33 40 -1
41 -10
4 41 1
7 41 1
4 7 41 -1
14 41 1
17 41 1
14 17 41 -1
23 41 1
26 41 1
23 26 41 -1
31 41 1
34 41 1
31 34 41 -1
40 41 1
42 -7
4 42 1
8 42 1
4 8 42 -1
14 42 1
18 42 1
14 18 42 -1
23 42 1
27 42 1
23 27 42 -1
31 42 1
35 42 1
31 35 42 -1
40 42 1
41 42 1
43 -7
4 43 1
9 43 1
4 9 43 -1
14 43 1
19 43 1
14 19 43 -1
23 43 1
28 43 1
23 28 43 -1
31 43 1
36 43 1
31 36 43 -1
40 43 1
41 43 1
44 -7
4 44 1
10 44 1
4 10 44 -1
14 44 1
20 44 1
14 20 44 -1
23 44 1
29 44 1
23 29 44 -1
31 44 1
37 44 1
31 37 44 -1
40 44 1
41 44 1
45 -7
4 45 1
11 45 1
4 11 45 -1
14 45 1
21 45 1
14 21 45 -1
23 45 1
30 45 1
23 30 45 -1
31 45 1
38 45 1
31 38 45 -1
40 45 1
41 45 1
46 -10
5 46 1
6 46 1
5 6 46 -1
15 46 1
16 46 1
15 16 46 -1
24 46 1
25 46 1
24 25 46 -1
32 46 1
33 46 1
32 33 46 -1
40 46 1
47 -10
5 47 1
7 47 1
5 7 47 -1
15 47 1
17 47 1
15 17 47 -1
24 47 1
26 47 1
24 26 47 -1
32 47 1
34 47 1
32 34 47 -1
41 47 1
46 47 1
48 -7
5 48 1
8 48 1
5 8 48 -1
15 48 1
18 48 1
15 18 48 -1
24 48 1
27 48 1
24 27 48 -1
32 48 1
35 48 1
32 35 48 -1
42 48 1
46 48 1
47 48 1
49 -7
5 49 1
9 49 1
5 9 49 -1
15 49 1
19 49 1
15 19 49 -1
24 49 1
28 49 1
24 28 49 -1
32 49 1
36 49 1
32 36 49 -1
43 49 1
46 49 1
47 49 1
50 -7
5 50 1
10 50 1
5 10 50 -1
15 50 1
20 50 1
15 20 50 -1
24 50 1
29 50 1
24 29 50 -1
32 50 1
37 50 1
32 37 50 -1
44 50 1
46 50 1
47 50 1
51 -7
5 51 1
11 51 1
5 11 51 -1
15 51 1
21 51 1
15 21 51 -1
24 51 1
30 51 1
24 30 51 -1
32 51 1
38 51 1
32 38 51 -1
45 51 1
46 51 1
47 51 1
53 -7
6 53 1
8 53 1
6 8 53 -1
16 53 1
18 53 1
16 18 53 -1
25 53 1
27 53 1
25 27 53 -1
33 53 1
35 53 1
33 35 53 -1
40 53 1
42 53 1
40 42 53 -1
46 53 1
48 53 1
46 48 53 -1
54 -7
6 54 1
9 54 1
6 9 54 -1
16 54 1
19 54 1
16 19 54 -1
25 54 1
28 54 1
25 28 54 -1
33 54 1
36 54 1
33 36 54 -1
40 54 1
43 54 1
40 43 54 -1
46 54 1
49 54 1
46 49 54 -1
55 -7
6 55 1
10 55 1
6 10 55 -1
16 55 1
20 55 1
16 20 55 -1
25 55 1
29 55 1
25 29 55 -1
33 55 1
37 55 1
33 37 55 -1
40 55 1
44 55 1
40 44 55 -1
46 55 1
50 55 1
46 50 55 -1
56 -7
6 56 1
11 56 1
6 11 56 -1
16 56 1
21 56 1
16 21 56 -1
25 56 1
30 56 1
25 30 56 -1
33 56 1
38 56 1
33 38 56 -1
40 56 1
45 56 1
40 45 56 -1
46 56 1
51 56 1
46 51 56 -1
2 4 6 8 9 10 11 23 25 27 28 29 30 40 42 43 44 45 53 54 55 56 1
12 14 16 18 19 20 21 23 25 27 28 29 30 40 42 43 44 45 53 54 55 56 1
3 4 6 8 9 10 11 31 33 35 36 37 38 40 42 43 44 45 53 54 55 56 1
13 14 16 18 19 20 21 31 33 35 36 37 38 40 42 43 44 45 53 54 55 56 1
2 5 6 8 9 10 11 24 25 27 28 29 30 46 48 49 50 51 53 54 55 56 1
12 15 16 18 19 20 21 24 25 27 28 29 30 46 48 49 50 51 53 54 55 56 1
3 5 6 8 9 10 11 32 33 35 36 37 38 46 48 49 50 51 53 54 55 56 1
13 15 16 18 19 20 21 32 33 35 36 37 38 46 48 49 50 51 53 54 55 56 1
57 -7
7 57 1
8 57 1
7 8 57 -1
17 57 1
18 57 1
17 18 57 -1
26 57 1
27 57 1
26 27 57 -1
34 57 1
35 57 1
34 35 57 -1
41 57 1
42 57 1
41 42 57 -1
47 57 1
48 57 1
47 48 57 -1
53 57 1
58 -7
7 58 1
9 58 1
7 9 58 -1
17 58 1
19 58 1
17 19 58 -1
26 58 1
28 58 1
26 28 58 -1
34 58 1
36 58 1
34 36 58 -1
41 58 1
43 58 1
41 43 58 -1
47 58 1
49 58 1
47 49 58 -1
54 58 1
59 -7
7 59 1
10 59 1
7 10 59 -1
17 59 1
20 59 1
17 20 59 -1
26 59 1
29 59 1
26 29 59 -1
34 59 1
37 59 1
34 37 59 -1
41 59 1
44 59 1
41 44 59 -1
47 59 1
50 59 1
47 50 59 -1
55 59 1
60 -7
7 60 1
11 60 1
7 11 60 -1
17 60 1
21 60 1
17 21 60 -1
26 60 1
30 60 1
26 30 60 -1
34 60 1
38 60 1
34 38 60 -1
41 60 1
45 60 1
41 45 60 -1
47 60 1
51 60 1
47 51 60 -1
56 60 1
2 4 7 8 9 10 11 23 26 27 28 29 30 41 42 43 44 45 57 58 59 60 1
12 14 17 18 19 20 21 23 26 27 28 29 30 41 42 43 44 45 57 58 59 60 1
3 4 7 8 9 10 11 31 34 35 36 37 38 41 42 43 44 45 57 58 59 60 1
13 14 17 18 19 20 21 31 34 35 36 37 38 41 42 43 44 45 57 58 59 60 1
2 5 7 8 9 10 11 24 26 27 28 29 30 47 48 49 50 51 57 58 59 60 1
12 15 17 18 19 20 21 24 26 27 28 29 30 47 48 49 50 51 57 58 59 60 1
3 5 7 8 9 10 11 32 34 35 36 37 38 47 48 49 50 51 57 58 59 60 1
13 15 17 18 19 20 21 32 34 35 36 37 38 47 48 49 50 51 57 58 59 60 1
#
110
2 -10
3 -10
2 3 1
4 -10
2 4 1
3 4 1
5 -10
2 5 1
3 5 1
4 5 1
6 -5
2 6 1
3 6 1
4 6 1
5 6 1
7 -5
2 7 1
3 7 1
4 7 1
5 7 1
8 -5
2 8 1
3 8 1
4 8 1
5 8 1
9 -5
2 9 1
3 9 1
4 9 1
5 9 1
10 -5
2 10 1
3 10 1
4 10 1
5 10 1
11 -5
2 11 1
3 11 1
4 11 1
5 11 1
12 -10
2 12 1
13 -10
3 13 1
12 13 1
14 -10
4 14 1
12 14 1
13 14 1
15 -10
5 15 1
12 15 1
13 15 1
14 15 1
16 -5
6 16 1
12 16 1
13 16 1
14 16 1
15 16 1
17 -5
7 17 1
12 17 1
13 17 1
14 17 1
15 17 1
18 -5
8 18 1
12 18 1
13 18 1
14 18 1
15 18 1
19 -5
9 19 1
12 19 1
13 19 1
14 19 1
15 19 1
20 -5
10 20 1
12 20 1
13 20 1
14 20 1
15 20 1
21 -5
11 21 1
12 21 1
13 21 1
14 21 1
15 21 1
23 -10
2 23 1
4 23 1
2 4 23 -1
12 23 1
14 23 1
12 14 23 -1
24 -10
2 24 1
5 24 1
2 5 24 -1
12 24 1
15 24 1
12 15 24 -1
23 24 1
25 -5
2 25 1
6 25 1
2 6 25 -1
12 25 1
16 25 1
12 16 25 -1
23 25 1
24 25 1
26 -5
2 26 1
7 26 1
2 7 26 -1
12 26 1
17 26 1
12 17 26 -1
23 26 1
24 26 1
27 -5
2 27 1
8 27 1
2 8 27 -1
12 27 1
18 27 1
12 18 27 -1
23 27 1
24 27 1
28 -5
2 28 1
9 28 1
2 9 28 -1
12 28 1
19 28 1
12 19 28 -1
23 28 1
24 28 1
29 -5
2 29 1
10 29 1
2 10 29 -1
12 29 1
20 29 1
12 20 29 -1
23 29 1
24 29 1
30 -5
2 30 1
11 30 1
2 11 30 -1
12 30 1
21 30 1
12 21 30 -1
23 30 1
24 30 1
2 6 7 8 9 10 11 25 26 27 28 29 30 1
12 16 17 18 19 20 21 25 26 27 28 29 30 1
31 -10
3 31 1
4 31 1
3 4 31 -1
13 31 1
14 31 1
13 14 31 -1
23 31 1
32 -10
3 32 1
5 32 1
3 5 32 -1
13 32 1
15 32 1
13 15 32 -1
24 32 1
31 32 1
33 -5
3 33 1
6 33 1
3 6 33 -1
13 33 1
16 33 1
13 16 33 -1
25 33 1
31 33 1
32 33 1
34 -5
3 34 1
7 34 1
3 7 34 -1
13 34 1
17 34 1
13 17 34 -1
26 34 1
31 34 1
32 34 1
35 -5
3 35 1
8 35 1
3 8 35 -1
13 35 1
18 35 1
13 18 35 -1
27 35 1
31 35 1
32 35 1
36 -5
3 36 1
9 36 1
3 9 36 -1
13 36 1
19 36 1
13 19 36 -1
28 36 1
31 36 1
32 36 1
37 -5
3 37 1
10 37 1
3 10 37 -1
13 37 1
20 37 1
13 20 37 -1
29 37 1
31 37 1
32 37 1
38 -5
3 38 1
11 38 1
3 11 38 -1
13 38 1
21 38 1
13 21 38 -1
30 38 1
31 38 1
32 38 1
3 6 7 8 9 10 11 33 34 35 36 37 38 1
13 16 17 18 19 20 21 33 34 35 36 37 38 1
40 -5
4 40 1
6 40 1
4 6 40 -1
14 40 1
16 40 1
14 16 40 -1
23 40 1
25 40 1
23 25 40 -1
31 40 1
33 40 1
31 33 40 -1
41 -5
4 41 1
7 41 1
4 7 41 -1
14 41 1
17 41 1
14 17 41 -1
23 41 1
26 41 1
23 26 41 -1
31 41 1
34 41 1
31 34 41 -1
42 -5
4 42 1
8 42 1
4 8 42 -1
14 42 1
18 42 1
14 18 42 -1
23 42 1
27 42 1
23 27 42 -1
31 42 1
35 42 1
31 35 42 -1
43 -5
4 43 1
9 43 1
4 9 43 -1
14 43 1
19 43 1
14 19 43 -1
23 43 1
28 43 1
23 28 43 -1
31 43 1
36 43 1
31 36 43 -1
44 -5
4 44 1
10 44 1
4 10 44 -1
14 44 1
20 44 1
14 20 44 -1
23 44 1
29 44 1
23 29 44 -1
31 44 1
37 44 1
31 37 44 -1
2 4 6 7 8 9 10 23 25 26 27 28 29 40 41 42 43 44 1
12 14 16 17 18 19 20 23 25 26 27 28 29 40 41 42 43 44 1
3 4 6 7 8 9 10 31 33 34 35 36 37 40 41 42 43 44 1
13 14 16 17 18 19 20 31 33 34 35 36 37 40 41 42 43 44 1
45 -5
4 45 1
11 45 1
4 11 45 -1
14 45 1
21 45 1
14 21 45 -1
23 45 1
30 45 1
23 30 45 -1
31 45 1
38 45 1
31 38 45 -1
2 4 6 7 8 9 11 23 25 26 27 28 30 40 41 42 43 45 1
12 14 16 17 18 19 21 23 25 26 27 28 30 40 41 42 43 45 1
3 4 6 7 8 9 11 31 33 34 35 36 38 40 41 42 43 45 1
13 14 16 17 18 19 21 31 33 34 35 36 38 40 41 42 43 45 1
2 4 6 7 8 10 11 23 25 26 27 29 30 40 41 42 44 45 1
12 14 16 17 18 20 21 23 25 26 27 29 30 40 41 42 44 45 1
3 4 6 7 8 10 11 31 33 34 35 37 38 40 41 42 44 45 1
13 14 16 17 18 20 21 31 33 34 35 37 38 40 41 42 44 45 1
2 4 6 7 9 10 11 23 25 26 28 29 30 40 41 43 44 45 1
12 14 16 17 19 20 21 23 25 26 28 29 30 40 41 43 44 45 1
3 4 6 7 9 10 11 31 33 34 36 37 38 40 41 43 44 45 1
13 14 16 17 19 20 21 31 33 34 36 37 38 40 41 43 44 45 1
2 4 6 8 9 10 11 23 25 27 28 29 30 40 42 43 44 45 1
12 14 16 18 19 20 21 23 25 27 28 29 30 40 42 43 44 45 1
3 4 6 8 9 10 11 31 33 35 36 37 38 40 42 43 44 45 1
13 14 16 18 19 20 21 31 33 35 36 37 38 40 42 43 44 45 1
2 4 7 8 9 10 11 23 26 27 28 29 30 41 42 43 44 45 1
12 14 17 18 19 20 21 23 26 27 28 29 30 41 42 43 44 45 1
3 4 7 8 9 10 11 31 34 35 36 37 38 41 42 43 44 45 1
13 14 17 18 19 20 21 31 34 35 36 37 38 41 42 43 44 45 1
4 6 7 8 9 10 11 40 41 42 43 44 45 1
14 16 17 18 19 20 21 40 41 42 43 44 45 1
23 25 26 27 28 29 30 40 41 42 43 44 45 1
31 33 34 35 36 37 38 40 41 42 43 44 45 1
46 -5
5 46 1
6 46 1
5 6 46 -1
15 46 1
16 46 1
15 16 46 -1
24 46 1
25 46 1
24 25 46 -1
32 46 1
33 46 1
32 33 46 -1
40 46 1
47 -5
5 47 1
7 47 1
5 7 47 -1
15 47 1
17 47 1
15 17 47 -1
24 47 1
26 47 1
24 26 47 -1
32 47 1
34 47 1
32 34 47 -1
41 47 1
48 -5
5 48 1
8 48 1
5 8 48 -1
15 48 1
18 48 1
15 18 48 -1
24 48 1
27 48 1
24 27 48 -1
32 48 1
35 48 1
32 35 48 -1
42 48 1
49 -5
5 49 1
9 49 1
5 9 49 -1
15 49 1
19 49 1
15 19 49 -1
24 49 1
28 49 1
24 28 49 -1
32 49 1
36 49 1
32 36 49 -1
43 49 1
50 -5
5 50 1
10 50 1
5 10 50 -1
15 50 1
20 50 1
15 20 50 -1
24 50 1
29 50 1
24 29 50 -1
32 50 1
37 50 1
32 37 50 -1
44 50 1
2 5 6 7 8 9 10 24 25 26 27 28 29 46 47 48 49 50 1
12 15 16 17 18 19 20 24 25 26 27 28 29 46 47 48 49 50 1
3 5 6 7 8 9 10 32 33 34 35 36 37 46 47 48 49 50 1
13 15 16 17 18 19 20 32 33 34 35 36 37 46 47 48 49 50 1
51 -5
5 51 1
11 51 1
5 11 51 -1
15 51 1
21 51 1
15 21 51 -1
24 51 1
30 51 1
24 30 51 -1
32 51 1
38 51 1
32 38 51 -1
45 51 1
2 5 6 7 8 9 11 24 25 26 27 28 30 46 47 48 49 51 1
12 15 16 17 18 19 21 24 25 26 27 28 30 46 47 48 49 51 1
3 5 6 7 8 9 11 32 33 34 35 36 38 46 47 48 49 51 1
13 15 16 17 18 19 21 32 33 34 35 36 38 46 47 48 49 51 1
2 5 6 7 8 10 11 24 25 26 27 29 30 46 47 48 50 51 1
12 15 16 17 18 20 21 24 25 26 27 29 30 46 47 48 50 51 1
3 5 6 7 8 10 11 32 33 34 35 37 38 46 47 48 50 51 1
13 15 16 17 18 20 21 32 33 34 35 37 38 46 47 48 50 51 1
2 5 6 7 9 10 11 24 25 26 28 29 30 46 47 49 50 51 1
12 15 16 17 19 20 21 24 25 26 28 29 30 46 47 49 50 51 1
3 5 6 7 9 10 11 32 33 34 36 37 38 46 47 49 50 51 1
13 15 16 17 19 20 21 32 33 34 36 37 38 46 47 49 50 51 1
2 5 6 8 9 10 11 24 25 27 28 29 30 46 48 49 50 51 1
12 15 16 18 19 20 21 24 25 27 28 29 30 46 48 49 50 51 1
3 5 6 8 9 10 11 32 33 35 36 37 38 46 48 49 50 51 1
13 15 16 18 19 20 21 32 33 35 36 37 38 46 48 49 50 51 1
2 5 7 8 9 10 11 24 26 27 28 29 30 47 48 49 50 51 1
12 15 17 18 19 20 21 24 26 27 28 29 30 47 48 49 50 51 1
3 5 7 8 9 10 11 32 34 35 36 37 38 47 48 49 50 51 1
13 15 17 18 19 20 21 32 34 35 36 37 38 47 48 49 50 51 1
5 6 7 8 9 10 11 46 47 48 49 50 51 1
15 16 17 18 19 20 21 46 47 48 49 50 51 1
24 25 26 27 28 29 30 46 47 48 49 50 51 1
32 33 34 35 36 37 38 46 47 48 49 50 51 1
#
