126
2 -21
3 -21
2 3 6
4 -21
2 4 6
3 4 6
2 3 4 -1
5 -21
2 5 6
3 5 6
2 3 5 -1
4 5 6
2 4 5 -1
3 4 5 -1
6 -21
2 6 6
3 6 6
2 3 6 -1
4 6 6
2 4 6 -1
3 4 6 -1
5 6 6
2 5 6 -1
3 5 6 -1
4 5 6 -1
7 -21
2 7 6
3 7 6
2 3 7 -1
4 7 6
2 4 7 -1
3 4 7 -1
5 7 6
2 5 7 -1
3 5 7 -1
4 5 7 -1
6 7 6
2 6 7 -1
3 6 7 -1
4 6 7 -1
5 6 7 -1
8 -21
2 8 6
3 8 6
2 3 8 -1
4 8 6
2 4 8 -1
3 4 8 -1
5 8 6
2 5 8 -1
3 5 8 -1
4 5 8 -1
6 8 6
2 6 8 -1
3 6 8 -1
4 6 8 -1
5 6 8 -1
7 8 6
2 7 8 -1
3 7 8 -1
4 7 8 -1
5 7 8 -1
6 7 8 -1
9 -21
2 9 6
3 9 1
2 3 9 -1
4 9 1
2 4 9 -1
5 9 1
2 5 9 -1
6 9 1
2 6 9 -1
7 9 1
2 7 9 -1
8 9 1
2 8 9 -1
10 -21
2 10 1
3 10 6
2 3 10 -1
4 10 1
3 4 10 -1
5 10 1
3 5 10 -1
6 10 1
3 6 10 -1
7 10 1
3 7 10 -1
8 10 1
3 8 10 -1
9 10 6
2 9 10 -1
3 9 10 -1
2 3 9 10 1
11 -21
2 11 1
3 11 1
4 11 6
2 4 11 -1
3 4 11 -1
5 11 1
4 5 11 -1
6 11 1
4 6 11 -1
7 11 1
4 7 11 -1
8 11 1
4 8 11 -1
9 11 6
2 9 11 -1
4 9 11 -1
2 4 9 11 1
10 11 6
3 10 11 -1
4 10 11 -1
3 4 10 11 1
9 10 11 -1
12 -21
2 12 1
3 12 1
4 12 1
5 12 6
2 5 12 -1
3 5 12 -1
4 5 12 -1
6 12 1
5 6 12 -1
7 12 1
5 7 12 -1
8 12 1
5 8 12 -1
9 12 6
2 9 12 -1
5 9 12 -1
2 5 9 12 1
10 12 6
3 10 12 -1
5 10 12 -1
3 5 10 12 1
9 10 12 -1
11 12 6
4 11 12 -1
5 11 12 -1
4 5 11 12 1
9 11 12 -1
10 11 12 -1
13 -21
2 13 1
3 13 1
4 13 1
5 13 1
6 13 6
2 6 13 -1
3 6 13 -1
4 6 13 -1
5 6 13 -1
7 13 1
6 7 13 -1
8 13 1
6 8 13 -1
9 13 6
2 9 13 -1
6 9 13 -1
2 6 9 13 1
10 13 6
3 10 13 -1
6 10 13 -1
3 6 10 13 1
9 10 13 -1
11 13 6
4 11 13 -1
6 11 13 -1
4 6 11 13 1
9 11 13 -1
10 11 13 -1
12 13 6
5 12 13 -1
6 12 13 -1
5 6 12 13 1
9 12 13 -1
10 12 13 -1
11 12 13 -1
14 -21
2 14 1
3 14 1
4 14 1
5 14 1
6 14 1
7 14 6
2 7 14 -1
3 7 14 -1
4 7 14 -1
5 7 14 -1
6 7 14 -1
8 14 1
7 8 14 -1
9 14 6
2 9 14 -1
7 9 14 -1
2 7 9 14 1
10 14 6
3 10 14 -1
7 10 14 -1
3 7 10 14 1
9 10 14 -1
11 14 6
4 11 14 -1
7 11 14 -1
4 7 11 14 1
9 11 14 -1
10 11 14 -1
12 14 6
5 12 14 -1
7 12 14 -1
5 7 12 14 1
9 12 14 -1
10 12 14 -1
11 12 14 -1
13 14 6
6 13 14 -1
7 13 14 -1
6 7 13 14 1
9 13 14 -1
10 13 14 -1
11 13 14 -1
12 13 14 -1
15 -21
2 15 1
3 15 1
4 15 1
5 15 1
6 15 1
7 15 1
8 15 6
2 8 15 -1
3 8 15 -1
4 8 15 -1
5 8 15 -1
6 8 15 -1
7 8 15 -1
9 15 6
2 9 15 -1
8 9 15 -1
2 8 9 15 1
10 15 6
3 10 15 -1
8 10 15 -1
3 8 10 15 1
9 10 15 -1
11 15 6
4 11 15 -1
8 11 15 -1
4 8 11 15 1
9 11 15 -1
10 11 15 -1
12 15 6
5 12 15 -1
8 12 15 -1
5 8 12 15 1
9 12 15 -1
10 12 15 -1
11 12 15 -1
13 15 6
6 13 15 -1
8 13 15 -1
6 8 13 15 1
9 13 15 -1
10 13 15 -1
11 13 15 -1
12 13 15 -1
14 15 6
7 14 15 -1
8 14 15 -1
7 8 14 15 1
9 14 15 -1
10 14 15 -1
11 14 15 -1
12 14 15 -1
13 14 15 -1
17 -21
2 17 6
3 17 1
2 3 17 -1
4 17 6
2 4 17 -6
3 4 17 -1
2 3 4 17 1
5 17 1
2 5 17 -1
4 5 17 -1
2 4 5 17 1
6 17 1
2 6 17 -1
4 6 17 -1
2 4 6 17 1
7 17 1
2 7 17 -1
4 7 17 -1
2 4 7 17 1
8 17 1
2 8 17 -1
4 8 17 -1
2 4 8 17 1
9 17 6
2 9 17 -1
4 9 17 -1
2 4 9 17 1
10 17 1
9 10 17 -1
11 17 6
2 11 17 -1
4 11 17 -1
2 4 11 17 1
9 11 17 -6
2 9 11 17 1
4 9 11 17 1
2 4 9 11 17 -1
10 11 17 -1
9 10 11 17 1
12 17 1
9 12 17 -1
11 12 17 -1
9 11 12 17 1
13 17 1
9 13 17 -1
11 13 17 -1
9 11 13 17 1
14 17 1
9 14 17 -1
11 14 17 -1
9 11 14 17 1
15 17 1
9 15 17 -1
11 15 17 -1
9 11 15 17 1
18 -21
2 18 6
3 18 1
2 3 18 -1
4 18 1
2 4 18 -1
5 18 6
2 5 18 -6
3 5 18 -1
2 3 5 18 1
4 5 18 -1
2 4 5 18 1
6 18 1
2 6 18 -1
5 6 18 -1
2 5 6 18 1
7 18 1
2 7 18 -1
5 7 18 -1
2 5 7 18 1
8 18 1
2 8 18 -1
5 8 18 -1
2 5 8 18 1
9 18 6
2 9 18 -1
5 9 18 -1
2 5 9 18 1
10 18 1
9 10 18 -1
11 18 1
9 11 18 -1
12 18 6
2 12 18 -1
5 12 18 -1
2 5 12 18 1
9 12 18 -6
2 9 12 18 1
5 9 12 18 1
2 5 9 12 18 -1
10 12 18 -1
9 10 12 18 1
11 12 18 -1
9 11 12 18 1
13 18 1
9 13 18 -1
12 13 18 -1
9 12 13 18 1
14 18 1
9 14 18 -1
12 14 18 -1
9 12 14 18 1
15 18 1
9 15 18 -1
12 15 18 -1
9 12 15 18 1
17 18 6
2 17 18 -1
4 17 18 -1
2 4 17 18 1
5 17 18 -1
2 5 17 18 1
4 5 17 18 1
2 4 5 17 18 -1
9 17 18 -1
11 17 18 -1
9 11 17 18 1
12 17 18 -1
9 12 17 18 1
11 12 17 18 1
9 11 12 17 18 -1
19 -21
2 19 6
3 19 1
2 3 19 -1
4 19 1
2 4 19 -1
5 19 1
2 5 19 -1
6 19 6
2 6 19 -6
3 6 19 -1
2 3 6 19 1
4 6 19 -1
2 4 6 19 1
5 6 19 -1
2 5 6 19 1
7 19 1
2 7 19 -1
6 7 19 -1
2 6 7 19 1
8 19 1
2 8 19 -1
6 8 19 -1
2 6 8 19 1
9 19 6
2 9 19 -1
6 9 19 -1
2 6 9 19 1
10 19 1
9 10 19 -1
11 19 1
9 11 19 -1
12 19 1
9 12 19 -1
13 19 6
2 13 19 -1
6 13 19 -1
2 6 13 19 1
9 13 19 -6
2 9 13 19 1
6 9 13 19 1
2 6 9 13 19 -1
10 13 19 -1
9 10 13 19 1
11 13 19 -1
9 11 13 19 1
12 13 19 -1
9 12 13 19 1
14 19 1
9 14 19 -1
13 14 19 -1
9 13 14 19 1
15 19 1
9 15 19 -1
13 15 19 -1
9 13 15 19 1
17 19 6
2 17 19 -1
4 17 19 -1
2 4 17 19 1
6 17 19 -1
2 6 17 19 1
4 6 17 19 1
2 4 6 17 19 -1
9 17 19 -1
11 17 19 -1
9 11 17 19 1
13 17 19 -1
9 13 17 19 1
11 13 17 19 1
9 11 13 17 19 -1
18 19 6
2 18 19 -1
5 18 19 -1
2 5 18 19 1
6 18 19 -1
2 6 18 19 1
5 6 18 19 1
2 5 6 18 19 -1
9 18 19 -1
12 18 19 -1
9 12 18 19 1
13 18 19 -1
9 13 18 19 1
12 13 18 19 1
9 12 13 18 19 -1
17 18 19 -1
20 -21
2 20 6
3 20 1
2 3 20 -1
4 20 1
2 4 20 -1
5 20 1
2 5 20 -1
6 20 1
2 6 20 -1
7 20 6
2 7 20 -6
3 7 20 -1
2 3 7 20 1
4 7 20 -1
2 4 7 20 1
5 7 20 -1
2 5 7 20 1
6 7 20 -1
2 6 7 20 1
8 20 1
2 8 20 -1
7 8 20 -1
2 7 8 20 1
9 20 6
2 9 20 -1
7 9 20 -1
2 7 9 20 1
10 20 1
9 10 20 -1
11 20 1
9 11 20 -1
12 20 1
9 12 20 -1
13 20 1
9 13 20 -1
14 20 6
2 14 20 -1
7 14 20 -1
2 7 14 20 1
9 14 20 -6
2 9 14 20 1
7 9 14 20 1
2 7 9 14 20 -1
10 14 20 -1
9 10 14 20 1
11 14 20 -1
9 11 14 20 1
12 14 20 -1
9 12 14 20 1
13 14 20 -1
9 13 14 20 1
15 20 1
9 15 20 -1
14 15 20 -1
9 14 15 20 1
17 20 6
2 17 20 -1
4 17 20 -1
2 4 17 20 1
7 17 20 -1
2 7 17 20 1
4 7 17 20 1
2 4 7 17 20 -1
9 17 20 -1
11 17 20 -1
9 11 17 20 1
14 17 20 -1
9 14 17 20 1
11 14 17 20 1
9 11 14 17 20 -1
18 20 6
2 18 20 -1
5 18 20 -1
2 5 18 20 1
7 18 20 -1
2 7 18 20 1
5 7 18 20 1
2 5 7 18 20 -1
9 18 20 -1
12 18 20 -1
9 12 18 20 1
14 18 20 -1
9 14 18 20 1
12 14 18 20 1
9 12 14 18 20 -1
17 18 20 -1
19 20 6
2 19 20 -1
6 19 20 -1
2 6 19 20 1
7 19 20 -1
2 7 19 20 1
6 7 19 20 1
2 6 7 19 20 -1
9 19 20 -1
13 19 20 -1
9 13 19 20 1
14 19 20 -1
9 14 19 20 1
13 14 19 20 1
9 13 14 19 20 -1
17 19 20 -1
18 19 20 -1
21 -21
2 21 6
3 21 1
2 3 21 -1
4 21 1
2 4 21 -1
5 21 1
2 5 21 -1
6 21 1
2 6 21 -1
7 21 1
2 7 21 -1
8 21 6
2 8 21 -6
3 8 21 -1
2 3 8 21 1
4 8 21 -1
2 4 8 21 1
5 8 21 -1
2 5 8 21 1
6 8 21 -1
2 6 8 21 1
7 8 21 -1
2 7 8 21 1
9 21 6
2 9 21 -1
8 9 21 -1
2 8 9 21 1
10 21 1
9 10 21 -1
11 21 1
9 11 21 -1
12 21 1
9 12 21 -1
13 21 1
9 13 21 -1
14 21 1
9 14 21 -1
15 21 6
2 15 21 -1
8 15 21 -1
2 8 15 21 1
9 15 21 -6
2 9 15 21 1
8 9 15 21 1
2 8 9 15 21 -1
10 15 21 -1
9 10 15 21 1
11 15 21 -1
9 11 15 21 1
12 15 21 -1
9 12 15 21 1
13 15 21 -1
9 13 15 21 1
14 15 21 -1
9 14 15 21 1
17 21 6
2 17 21 -1
4 17 21 -1
2 4 17 21 1
8 17 21 -1
2 8 17 21 1
4 8 17 21 1
2 4 8 17 21 -1
9 17 21 -1
11 17 21 -1
9 11 17 21 1
15 17 21 -1
9 15 17 21 1
11 15 17 21 1
9 11 15 17 21 -1
18 21 6
2 18 21 -1
5 18 21 -1
2 5 18 21 1
8 18 21 -1
2 8 18 21 1
5 8 18 21 1
2 5 8 18 21 -1
9 18 21 -1
12 18 21 -1
9 12 18 21 1
15 18 21 -1
9 15 18 21 1
12 15 18 21 1
9 12 15 18 21 -1
17 18 21 -1
19 21 6
2 19 21 -1
6 19 21 -1
2 6 19 21 1
8 19 21 -1
2 8 19 21 1
6 8 19 21 1
2 6 8 19 21 -1
9 19 21 -1
13 19 21 -1
9 13 19 21 1
15 19 21 -1
9 15 19 21 1
13 15 19 21 1
9 13 15 19 21 -1
17 19 21 -1
18 19 21 -1
20 21 6
2 20 21 -1
7 20 21 -1
2 7 20 21 1
8 20 21 -1
2 8 20 21 1
7 8 20 21 1
2 7 8 20 21 -1
9 20 21 -1
14 20 21 -1
9 14 20 21 1
15 20 21 -1
9 15 20 21 1
14 15 20 21 1
9 14 15 20 21 -1
17 20 21 -1
18 20 21 -1
19 20 21 -1
22 -21
2 22 1
3 22 6
2 3 22 -1
4 22 6
2 4 22 -1
3 4 22 -6
2 3 4 22 1
5 22 1
3 5 22 -1
4 5 22 -1
3 4 5 22 1
6 22 1
3 6 22 -1
4 6 22 -1
3 4 6 22 1
7 22 1
3 7 22 -1
4 7 22 -1
3 4 7 22 1
8 22 1
3 8 22 -1
4 8 22 -1
3 4 8 22 1
9 22 1
10 22 6
3 10 22 -1
4 10 22 -1
3 4 10 22 1
9 10 22 -1
11 22 6
3 11 22 -1
4 11 22 -1
3 4 11 22 1
9 11 22 -1
10 11 22 -6
3 10 11 22 1
4 10 11 22 1
3 4 10 11 22 -1
9 10 11 22 1
12 22 1
10 12 22 -1
11 12 22 -1
10 11 12 22 1
13 22 1
10 13 22 -1
11 13 22 -1
10 11 13 22 1
14 22 1
10 14 22 -1
11 14 22 -1
10 11 14 22 1
15 22 1
10 15 22 -1
11 15 22 -1
10 11 15 22 1
17 22 6
2 17 22 -1
3 17 22 -1
2 3 17 22 1
4 17 22 -1
2 4 17 22 1
3 4 17 22 1
2 3 4 17 22 -1
9 17 22 -1
10 17 22 -1
9 10 17 22 1
11 17 22 -1
9 11 17 22 1
10 11 17 22 1
9 10 11 17 22 -1
18 22 1
17 18 22 -1
19 22 1
17 19 22 -1
20 22 1
17 20 22 -1
21 22 1
17 21 22 -1
23 -21
2 23 1
3 23 6
2 3 23 -1
4 23 1
3 4 23 -1
5 23 6
2 5 23 -1
3 5 23 -6
2 3 5 23 1
4 5 23 -1
3 4 5 23 1
6 23 1
3 6 23 -1
5 6 23 -1
3 5 6 23 1
7 23 1
3 7 23 -1
5 7 23 -1
3 5 7 23 1
8 23 1
3 8 23 -1
5 8 23 -1
3 5 8 23 1
9 23 1
10 23 6
3 10 23 -1
5 10 23 -1
3 5 10 23 1
9 10 23 -1
11 23 1
10 11 23 -1
12 23 6
3 12 23 -1
5 12 23 -1
3 5 12 23 1
9 12 23 -1
10 12 23 -6
3 10 12 23 1
5 10 12 23 1
3 5 10 12 23 -1
9 10 12 23 1
11 12 23 -1
10 11 12 23 1
13 23 1
10 13 23 -1
12 13 23 -1
10 12 13 23 1
14 23 1
10 14 23 -1
12 14 23 -1
10 12 14 23 1
15 23 1
10 15 23 -1
12 15 23 -1
10 12 15 23 1
17 23 1
18 23 6
2 18 23 -1
3 18 23 -1
2 3 18 23 1
5 18 23 -1
2 5 18 23 1
3 5 18 23 1
2 3 5 18 23 -1
9 18 23 -1
10 18 23 -1
9 10 18 23 1
12 18 23 -1
9 12 18 23 1
10 12 18 23 1
9 10 12 18 23 -1
17 18 23 -1
19 23 1
18 19 23 -1
20 23 1
18 20 23 -1
21 23 1
18 21 23 -1
22 23 6
3 22 23 -1
4 22 23 -1
3 4 22 23 1
5 22 23 -1
3 5 22 23 1
4 5 22 23 1
3 4 5 22 23 -1
10 22 23 -1
11 22 23 -1
10 11 22 23 1
12 22 23 -1
10 12 22 23 1
11 12 22 23 1
10 11 12 22 23 -1
17 22 23 -1
18 22 23 -1
17 18 22 23 1
24 -21
2 24 1
3 24 6
2 3 24 -1
4 24 1
3 4 24 -1
5 24 1
3 5 24 -1
6 24 6
2 6 24 -1
3 6 24 -6
2 3 6 24 1
4 6 24 -1
3 4 6 24 1
5 6 24 -1
3 5 6 24 1
7 24 1
3 7 24 -1
6 7 24 -1
3 6 7 24 1
8 24 1
3 8 24 -1
6 8 24 -1
3 6 8 24 1
9 24 1
10 24 6
3 10 24 -1
6 10 24 -1
3 6 10 24 1
9 10 24 -1
11 24 1
10 11 24 -1
12 24 1
10 12 24 -1
13 24 6
3 13 24 -1
6 13 24 -1
3 6 13 24 1
9 13 24 -1
10 13 24 -6
3 10 13 24 1
6 10 13 24 1
3 6 10 13 24 -1
9 10 13 24 1
11 13 24 -1
10 11 13 24 1
12 13 24 -1
10 12 13 24 1
14 24 1
10 14 24 -1
13 14 24 -1
10 13 14 24 1
15 24 1
10 15 24 -1
13 15 24 -1
10 13 15 24 1
17 24 1
18 24 1
19 24 6
2 19 24 -1
3 19 24 -1
2 3 19 24 1
6 19 24 -1
2 6 19 24 1
3 6 19 24 1
2 3 6 19 24 -1
9 19 24 -1
10 19 24 -1
9 10 19 24 1
13 19 24 -1
9 13 19 24 1
10 13 19 24 1
9 10 13 19 24 -1
17 19 24 -1
18 19 24 -1
20 24 1
19 20 24 -1
21 24 1
19 21 24 -1
22 24 6
3 22 24 -1
4 22 24 -1
3 4 22 24 1
6 22 24 -1
3 6 22 24 1
4 6 22 24 1
3 4 6 22 24 -1
10 22 24 -1
11 22 24 -1
10 11 22 24 1
13 22 24 -1
10 13 22 24 1
11 13 22 24 1
10 11 13 22 24 -1
17 22 24 -1
19 22 24 -1
17 19 22 24 1
23 24 6
3 23 24 -1
5 23 24 -1
3 5 23 24 1
6 23 24 -1
3 6 23 24 1
5 6 23 24 1
3 5 6 23 24 -1
10 23 24 -1
12 23 24 -1
10 12 23 24 1
13 23 24 -1
10 13 23 24 1
12 13 23 24 1
10 12 13 23 24 -1
18 23 24 -1
19 23 24 -1
18 19 23 24 1
22 23 24 -1
25 -21
2 25 1
3 25 6
2 3 25 -1
4 25 1
3 4 25 -1
5 25 1
3 5 25 -1
6 25 1
3 6 25 -1
7 25 6
2 7 25 -1
3 7 25 -6
2 3 7 25 1
4 7 25 -1
3 4 7 25 1
5 7 25 -1
3 5 7 25 1
6 7 25 -1
3 6 7 25 1
8 25 1
3 8 25 -1
7 8 25 -1
3 7 8 25 1
9 25 1
10 25 6
3 10 25 -1
7 10 25 -1
3 7 10 25 1
9 10 25 -1
11 25 1
10 11 25 -1
12 25 1
10 12 25 -1
13 25 1
10 13 25 -1
14 25 6
3 14 25 -1
7 14 25 -1
3 7 14 25 1
9 14 25 -1
10 14 25 -6
3 10 14 25 1
7 10 14 25 1
3 7 10 14 25 -1
9 10 14 25 1
11 14 25 -1
10 11 14 25 1
12 14 25 -1
10 12 14 25 1
13 14 25 -1
10 13 14 25 1
15 25 1
10 15 25 -1
14 15 25 -1
10 14 15 25 1
17 25 1
18 25 1
19 25 1
20 25 6
2 20 25 -1
3 20 25 -1
2 3 20 25 1
7 20 25 -1
2 7 20 25 1
3 7 20 25 1
2 3 7 20 25 -1
9 20 25 -1
10 20 25 -1
9 10 20 25 1
14 20 25 -1
9 14 20 25 1
10 14 20 25 1
9 10 14 20 25 -1
17 20 25 -1
18 20 25 -1
19 20 25 -1
21 25 1
20 21 25 -1
22 25 6
3 22 25 -1
4 22 25 -1
3 4 22 25 1
7 22 25 -1
3 7 22 25 1
4 7 22 25 1
3 4 7 22 25 -1
10 22 25 -1
11 22 25 -1
10 11 22 25 1
14 22 25 -1
10 14 22 25 1
11 14 22 25 1
10 11 14 22 25 -1
17 22 25 -1
20 22 25 -1
17 20 22 25 1
23 25 6
3 23 25 -1
5 23 25 -1
3 5 23 25 1
7 23 25 -1
3 7 23 25 1
5 7 23 25 1
3 5 7 23 25 -1
10 23 25 -1
12 23 25 -1
10 12 23 25 1
14 23 25 -1
10 14 23 25 1
12 14 23 25 1
10 12 14 23 25 -1
18 23 25 -1
20 23 25 -1
18 20 23 25 1
22 23 25 -1
24 25 6
3 24 25 -1
6 24 25 -1
3 6 24 25 1
7 24 25 -1
3 7 24 25 1
6 7 24 25 1
3 6 7 24 25 -1
10 24 25 -1
13 24 25 -1
10 13 24 25 1
14 24 25 -1
10 14 24 25 1
13 14 24 25 1
10 13 14 24 25 -1
19 24 25 -1
20 24 25 -1
19 20 24 25 1
22 24 25 -1
23 24 25 -1
26 -21
2 26 1
3 26 6
2 3 26 -1
4 26 1
3 4 26 -1
5 26 1
3 5 26 -1
6 26 1
3 6 26 -1
7 26 1
3 7 26 -1
8 26 6
2 8 26 -1
3 8 26 -6
2 3 8 26 1
4 8 26 -1
3 4 8 26 1
5 8 26 -1
3 5 8 26 1
6 8 26 -1
3 6 8 26 1
7 8 26 -1
3 7 8 26 1
9 26 1
10 26 6
3 10 26 -1
8 10 26 -1
3 8 10 26 1
9 10 26 -1
11 26 1
10 11 26 -1
12 26 1
10 12 26 -1
13 26 1
10 13 26 -1
14 26 1
10 14 26 -1
15 26 6
3 15 26 -1
8 15 26 -1
3 8 15 26 1
9 15 26 -1
10 15 26 -6
3 10 15 26 1
8 10 15 26 1
3 8 10 15 26 -1
9 10 15 26 1
11 15 26 -1
10 11 15 26 1
12 15 26 -1
10 12 15 26 1
13 15 26 -1
10 13 15 26 1
14 15 26 -1
10 14 15 26 1
17 26 1
18 26 1
19 26 1
20 26 1
21 26 6
2 21 26 -1
3 21 26 -1
2 3 21 26 1
8 21 26 -1
2 8 21 26 1
3 8 21 26 1
2 3 8 21 26 -1
9 21 26 -1
10 21 26 -1
9 10 21 26 1
15 21 26 -1
9 15 21 26 1
10 15 21 26 1
9 10 15 21 26 -1
17 21 26 -1
18 21 26 -1
19 21 26 -1
20 21 26 -1
22 26 6
3 22 26 -1
4 22 26 -1
3 4 22 26 1
8 22 26 -1
3 8 22 26 1
4 8 22 26 1
3 4 8 22 26 -1
10 22 26 -1
11 22 26 -1
10 11 22 26 1
15 22 26 -1
10 15 22 26 1
11 15 22 26 1
10 11 15 22 26 -1
17 22 26 -1
21 22 26 -1
17 21 22 26 1
23 26 6
3 23 26 -1
5 23 26 -1
3 5 23 26 1
8 23 26 -1
3 8 23 26 1
5 8 23 26 1
3 5 8 23 26 -1
10 23 26 -1
12 23 26 -1
10 12 23 26 1
15 23 26 -1
10 15 23 26 1
12 15 23 26 1
10 12 15 23 26 -1
18 23 26 -1
21 23 26 -1
18 21 23 26 1
22 23 26 -1
24 26 6
3 24 26 -1
6 24 26 -1
3 6 24 26 1
8 24 26 -1
3 8 24 26 1
6 8 24 26 1
3 6 8 24 26 -1
10 24 26 -1
13 24 26 -1
10 13 24 26 1
15 24 26 -1
10 15 24 26 1
13 15 24 26 1
10 13 15 24 26 -1
19 24 26 -1
21 24 26 -1
19 21 24 26 1
22 24 26 -1
23 24 26 -1
25 26 6
3 25 26 -1
7 25 26 -1
3 7 25 26 1
8 25 26 -1
3 8 25 26 1
7 8 25 26 1
3 7 8 25 26 -1
10 25 26 -1
14 25 26 -1
10 14 25 26 1
15 25 26 -1
10 15 25 26 1
14 15 25 26 1
10 14 15 25 26 -1
20 25 26 -1
21 25 26 -1
20 21 25 26 1
22 25 26 -1
23 25 26 -1
24 25 26 -1
28 -21
2 28 1
3 28 1
4 28 6
2 4 28 -1
3 4 28 -1
5 28 1
4 5 28 -1
6 28 6
2 6 28 -1
3 6 28 -1
4 6 28 -6
2 4 6 28 1
3 4 6 28 1
5 6 28 -1
4 5 6 28 1
7 28 1
4 7 28 -1
6 7 28 -1
4 6 7 28 1
8 28 1
4 8 28 -1
6 8 28 -1
4 6 8 28 1
9 28 1
10 28 1
11 28 6
4 11 28 -1
6 11 28 -1
4 6 11 28 1
9 11 28 -1
10 11 28 -1
12 28 1
11 12 28 -1
13 28 6
4 13 28 -1
6 13 28 -1
4 6 13 28 1
9 13 28 -1
10 13 28 -1
11 13 28 -6
4 11 13 28 1
6 11 13 28 1
4 6 11 13 28 -1
9 11 13 28 1
10 11 13 28 1
12 13 28 -1
11 12 13 28 1
14 28 1
11 14 28 -1
13 14 28 -1
11 13 14 28 1
15 28 1
11 15 28 -1
13 15 28 -1
11 13 15 28 1
17 28 6
2 17 28 -1
4 17 28 -1
2 4 17 28 1
6 17 28 -1
2 6 17 28 1
4 6 17 28 1
2 4 6 17 28 -1
9 17 28 -1
11 17 28 -1
9 11 17 28 1
13 17 28 -1
9 13 17 28 1
11 13 17 28 1
9 11 13 17 28 -1
18 28 1
17 18 28 -1
19 28 6
2 19 28 -1
4 19 28 -1
2 4 19 28 1
6 19 28 -1
2 6 19 28 1
4 6 19 28 1
2 4 6 19 28 -1
9 19 28 -1
11 19 28 -1
9 11 19 28 1
13 19 28 -1
9 13 19 28 1
11 13 19 28 1
9 11 13 19 28 -1
17 19 28 -6
2 17 19 28 1
4 17 19 28 1
2 4 17 19 28 -1
6 17 19 28 1
2 6 17 19 28 -1
4 6 17 19 28 -1
2 4 6 17 19 28 1
9 17 19 28 1
11 17 19 28 1
9 11 17 19 28 -1
13 17 19 28 1
9 13 17 19 28 -1
11 13 17 19 28 -1
9 11 13 17 19 28 1
18 19 28 -1
17 18 19 28 1
20 28 1
17 20 28 -1
19 20 28 -1
17 19 20 28 1
21 28 1
17 21 28 -1
19 21 28 -1
17 19 21 28 1
22 28 6
3 22 28 -1
4 22 28 -1
3 4 22 28 1
6 22 28 -1
3 6 22 28 1
4 6 22 28 1
3 4 6 22 28 -1
10 22 28 -1
11 22 28 -1
10 11 22 28 1
13 22 28 -1
10 13 22 28 1
11 13 22 28 1
10 11 13 22 28 -1
17 22 28 -1
19 22 28 -1
17 19 22 28 1
23 28 1
22 23 28 -1
24 28 6
3 24 28 -1
4 24 28 -1
3 4 24 28 1
6 24 28 -1
3 6 24 28 1
4 6 24 28 1
3 4 6 24 28 -1
10 24 28 -1
11 24 28 -1
10 11 24 28 1
13 24 28 -1
10 13 24 28 1
11 13 24 28 1
10 11 13 24 28 -1
17 24 28 -1
19 24 28 -1
17 19 24 28 1
22 24 28 -6
3 22 24 28 1
4 22 24 28 1
3 4 22 24 28 -1
6 22 24 28 1
3 6 22 24 28 -1
4 6 22 24 28 -1
3 4 6 22 24 28 1
10 22 24 28 1
11 22 24 28 1
10 11 22 24 28 -1
13 22 24 28 1
10 13 22 24 28 -1
11 13 22 24 28 -1
10 11 13 22 24 28 1
17 22 24 28 1
19 22 24 28 1
17 19 22 24 28 -1
23 24 28 -1
22 23 24 28 1
25 28 1
22 25 28 -1
24 25 28 -1
22 24 25 28 1
26 28 1
22 26 28 -1
24 26 28 -1
22 24 26 28 1
29 -21
2 29 1
3 29 1
4 29 6
2 4 29 -1
3 4 29 -1
5 29 1
4 5 29 -1
6 29 1
4 6 29 -1
7 29 6
2 7 29 -1
3 7 29 -1
4 7 29 -6
2 4 7 29 1
3 4 7 29 1
5 7 29 -1
4 5 7 29 1
6 7 29 -1
4 6 7 29 1
8 29 1
4 8 29 -1
7 8 29 -1
4 7 8 29 1
9 29 1
10 29 1
11 29 6
4 11 29 -1
7 11 29 -1
4 7 11 29 1
9 11 29 -1
10 11 29 -1
12 29 1
11 12 29 -1
13 29 1
11 13 29 -1
14 29 6
4 14 29 -1
7 14 29 -1
4 7 14 29 1
9 14 29 -1
10 14 29 -1
11 14 29 -6
4 11 14 29 1
7 11 14 29 1
4 7 11 14 29 -1
9 11 14 29 1
10 11 14 29 1
12 14 29 -1
11 12 14 29 1
13 14 29 -1
11 13 14 29 1
15 29 1
11 15 29 -1
14 15 29 -1
11 14 15 29 1
17 29 6
2 17 29 -1
4 17 29 -1
2 4 17 29 1
7 17 29 -1
2 7 17 29 1
4 7 17 29 1
2 4 7 17 29 -1
9 17 29 -1
11 17 29 -1
9 11 17 29 1
14 17 29 -1
9 14 17 29 1
11 14 17 29 1
9 11 14 17 29 -1
18 29 1
17 18 29 -1
19 29 1
17 19 29 -1
20 29 6
2 20 29 -1
4 20 29 -1
2 4 20 29 1
7 20 29 -1
2 7 20 29 1
4 7 20 29 1
2 4 7 20 29 -1
9 20 29 -1
11 20 29 -1
9 11 20 29 1
14 20 29 -1
9 14 20 29 1
11 14 20 29 1
9 11 14 20 29 -1
17 20 29 -6
2 17 20 29 1
4 17 20 29 1
2 4 17 20 29 -1
7 17 20 29 1
2 7 17 20 29 -1
4 7 17 20 29 -1
2 4 7 17 20 29 1
9 17 20 29 1
11 17 20 29 1
9 11 17 20 29 -1
14 17 20 29 1
9 14 17 20 29 -1
11 14 17 20 29 -1
9 11 14 17 20 29 1
18 20 29 -1
17 18 20 29 1
19 20 29 -1
17 19 20 29 1
21 29 1
17 21 29 -1
20 21 29 -1
17 20 21 29 1
22 29 6
3 22 29 -1
4 22 29 -1
3 4 22 29 1
7 22 29 -1
3 7 22 29 1
4 7 22 29 1
3 4 7 22 29 -1
10 22 29 -1
11 22 29 -1
10 11 22 29 1
14 22 29 -1
10 14 22 29 1
11 14 22 29 1
10 11 14 22 29 -1
17 22 29 -1
20 22 29 -1
17 20 22 29 1
23 29 1
22 23 29 -1
24 29 1
22 24 29 -1
25 29 6
3 25 29 -1
4 25 29 -1
3 4 25 29 1
7 25 29 -1
3 7 25 29 1
4 7 25 29 1
3 4 7 25 29 -1
10 25 29 -1
11 25 29 -1
10 11 25 29 1
14 25 29 -1
10 14 25 29 1
11 14 25 29 1
10 11 14 25 29 -1
17 25 29 -1
20 25 29 -1
17 20 25 29 1
22 25 29 -6
3 22 25 29 1
4 22 25 29 1
3 4 22 25 29 -1
7 22 25 29 1
3 7 22 25 29 -1
4 7 22 25 29 -1
3 4 7 22 25 29 1
10 22 25 29 1
11 22 25 29 1
10 11 22 25 29 -1
14 22 25 29 1
10 14 22 25 29 -1
11 14 22 25 29 -1
10 11 14 22 25 29 1
17 22 25 29 1
20 22 25 29 1
17 20 22 25 29 -1
23 25 29 -1
22 23 25 29 1
24 25 29 -1
22 24 25 29 1
26 29 1
22 26 29 -1
25 26 29 -1
22 25 26 29 1
28 29 6
4 28 29 -1
6 28 29 -1
4 6 28 29 1
7 28 29 -1
4 7 28 29 1
6 7 28 29 1
4 6 7 28 29 -1
11 28 29 -1
13 28 29 -1
11 13 28 29 1
14 28 29 -1
11 14 28 29 1
13 14 28 29 1
11 13 14 28 29 -1
17 28 29 -1
19 28 29 -1
17 19 28 29 1
20 28 29 -1
17 20 28 29 1
19 20 28 29 1
17 19 20 28 29 -1
22 28 29 -1
24 28 29 -1
22 24 28 29 1
25 28 29 -1
22 25 28 29 1
24 25 28 29 1
22 24 25 28 29 -1
30 -21
2 30 1
3 30 1
4 30 6
2 4 30 -1
3 4 30 -1
5 30 1
4 5 30 -1
6 30 1
4 6 30 -1
7 30 1
4 7 30 -1
8 30 6
2 8 30 -1
3 8 30 -1
4 8 30 -6
2 4 8 30 1
3 4 8 30 1
5 8 30 -1
4 5 8 30 1
6 8 30 -1
4 6 8 30 1
7 8 30 -1
4 7 8 30 1
9 30 1
10 30 1
11 30 6
4 11 30 -1
8 11 30 -1
4 8 11 30 1
9 11 30 -1
10 11 30 -1
12 30 1
11 12 30 -1
13 30 1
11 13 30 -1
14 30 1
11 14 30 -1
15 30 6
4 15 30 -1
8 15 30 -1
4 8 15 30 1
9 15 30 -1
10 15 30 -1
11 15 30 -6
4 11 15 30 1
8 11 15 30 1
4 8 11 15 30 -1
9 11 15 30 1
10 11 15 30 1
12 15 30 -1
11 12 15 30 1
13 15 30 -1
11 13 15 30 1
14 15 30 -1
11 14 15 30 1
17 30 6
2 17 30 -1
4 17 30 -1
2 4 17 30 1
8 17 30 -1
2 8 17 30 1
4 8 17 30 1
2 4 8 17 30 -1
9 17 30 -1
11 17 30 -1
9 11 17 30 1
15 17 30 -1
9 15 17 30 1
11 15 17 30 1
9 11 15 17 30 -1
18 30 1
17 18 30 -1
19 30 1
17 19 30 -1
20 30 1
17 20 30 -1
21 30 6
2 21 30 -1
4 21 30 -1
2 4 21 30 1
8 21 30 -1
2 8 21 30 1
4 8 21 30 1
2 4 8 21 30 -1
9 21 30 -1
11 21 30 -1
9 11 21 30 1
15 21 30 -1
9 15 21 30 1
11 15 21 30 1
9 11 15 21 30 -1
17 21 30 -6
2 17 21 30 1
4 17 21 30 1
2 4 17 21 30 -1
8 17 21 30 1
2 8 17 21 30 -1
4 8 17 21 30 -1
2 4 8 17 21 30 1
9 17 21 30 1
11 17 21 30 1
9 11 17 21 30 -1
15 17 21 30 1
9 15 17 21 30 -1
11 15 17 21 30 -1
9 11 15 17 21 30 1
18 21 30 -1
17 18 21 30 1
19 21 30 -1
17 19 21 30 1
20 21 30 -1
17 20 21 30 1
22 30 6
3 22 30 -1
4 22 30 -1
3 4 22 30 1
8 22 30 -1
3 8 22 30 1
4 8 22 30 1
3 4 8 22 30 -1
10 22 30 -1
11 22 30 -1
10 11 22 30 1
15 22 30 -1
10 15 22 30 1
11 15 22 30 1
10 11 15 22 30 -1
17 22 30 -1
21 22 30 -1
17 21 22 30 1
23 30 1
22 23 30 -1
24 30 1
22 24 30 -1
25 30 1
22 25 30 -1
26 30 6
3 26 30 -1
4 26 30 -1
3 4 26 30 1
8 26 30 -1
3 8 26 30 1
4 8 26 30 1
3 4 8 26 30 -1
10 26 30 -1
11 26 30 -1
10 11 26 30 1
15 26 30 -1
10 15 26 30 1
11 15 26 30 1
10 11 15 26 30 -1
17 26 30 -1
21 26 30 -1
17 21 26 30 1
22 26 30 -6
3 22 26 30 1
4 22 26 30 1
3 4 22 26 30 -1
8 22 26 30 1
3 8 22 26 30 -1
4 8 22 26 30 -1
3 4 8 22 26 30 1
10 22 26 30 1
11 22 26 30 1
10 11 22 26 30 -1
15 22 26 30 1
10 15 22 26 30 -1
11 15 22 26 30 -1
10 11 15 22 26 30 1
17 22 26 30 1
21 22 26 30 1
17 21 22 26 30 -1
23 26 30 -1
22 23 26 30 1
24 26 30 -1
22 24 26 30 1
25 26 30 -1
22 25 26 30 1
28 30 6
4 28 30 -1
6 28 30 -1
4 6 28 30 1
8 28 30 -1
4 8 28 30 1
6 8 28 30 1
4 6 8 28 30 -1
11 28 30 -1
13 28 30 -1
11 13 28 30 1
15 28 30 -1
11 15 28 30 1
13 15 28 30 1
11 13 15 28 30 -1
17 28 30 -1
19 28 30 -1
17 19 28 30 1
21 28 30 -1
17 21 28 30 1
19 21 28 30 1
17 19 21 28 30 -1
22 28 30 -1
24 28 30 -1
22 24 28 30 1
26 28 30 -1
22 26 28 30 1
24 26 28 30 1
22 24 26 28 30 -1
29 30 6
4 29 30 -1
7 29 30 -1
4 7 29 30 1
8 29 30 -1
4 8 29 30 1
7 8 29 30 1
4 7 8 29 30 -1
11 29 30 -1
14 29 30 -1
11 14 29 30 1
15 29 30 -1
11 15 29 30 1
14 15 29 30 1
11 14 15 29 30 -1
17 29 30 -1
20 29 30 -1
17 20 29 30 1
21 29 30 -1
17 21 29 30 1
20 21 29 30 1
17 20 21 29 30 -1
22 29 30 -1
25 29 30 -1
22 25 29 30 1
26 29 30 -1
22 26 29 30 1
25 26 29 30 1
22 25 26 29 30 -1
28 29 30 -1
31 -21
2 31 1
3 31 1
4 31 1
5 31 6
2 5 31 -1
3 5 31 -1
4 5 31 -1
6 31 6
2 6 31 -1
3 6 31 -1
4 6 31 -1
5 6 31 -6
2 5 6 31 1
3 5 6 31 1
4 5 6 31 1
7 31 1
5 7 31 -1
6 7 31 -1
5 6 7 31 1
8 31 1
5 8 31 -1
6 8 31 -1
5 6 8 31 1
9 31 1
10 31 1
11 31 1
12 31 6
5 12 31 -1
6 12 31 -1
5 6 12 31 1
9 12 31 -1
10 12 31 -1
11 12 31 -1
13 31 6
5 13 31 -1
6 13 31 -1
5 6 13 31 1
9 13 31 -1
10 13 31 -1
11 13 31 -1
12 13 31 -6
5 12 13 31 1
6 12 13 31 1
5 6 12 13 31 -1
9 12 13 31 1
10 12 13 31 1
11 12 13 31 1
14 31 1
12 14 31 -1
13 14 31 -1
12 13 14 31 1
15 31 1
12 15 31 -1
13 15 31 -1
12 13 15 31 1
17 31 1
18 31 6
2 18 31 -1
5 18 31 -1
2 5 18 31 1
6 18 31 -1
2 6 18 31 1
5 6 18 31 1
2 5 6 18 31 -1
9 18 31 -1
12 18 31 -1
9 12 18 31 1
13 18 31 -1
9 13 18 31 1
12 13 18 31 1
9 12 13 18 31 -1
17 18 31 -1
19 31 6
2 19 31 -1
5 19 31 -1
2 5 19 31 1
6 19 31 -1
2 6 19 31 1
5 6 19 31 1
2 5 6 19 31 -1
9 19 31 -1
12 19 31 -1
9 12 19 31 1
13 19 31 -1
9 13 19 31 1
12 13 19 31 1
9 12 13 19 31 -1
17 19 31 -1
18 19 31 -6
2 18 19 31 1
5 18 19 31 1
2 5 18 19 31 -1
6 18 19 31 1
2 6 18 19 31 -1
5 6 18 19 31 -1
2 5 6 18 19 31 1
9 18 19 31 1
12 18 19 31 1
9 12 18 19 31 -1
13 18 19 31 1
9 13 18 19 31 -1
12 13 18 19 31 -1
9 12 13 18 19 31 1
17 18 19 31 1
20 31 1
18 20 31 -1
19 20 31 -1
18 19 20 31 1
21 31 1
18 21 31 -1
19 21 31 -1
18 19 21 31 1
22 31 1
23 31 6
3 23 31 -1
5 23 31 -1
3 5 23 31 1
6 23 31 -1
3 6 23 31 1
5 6 23 31 1
3 5 6 23 31 -1
10 23 31 -1
12 23 31 -1
10 12 23 31 1
13 23 31 -1
10 13 23 31 1
12 13 23 31 1
10 12 13 23 31 -1
18 23 31 -1
19 23 31 -1
18 19 23 31 1
22 23 31 -1
24 31 6
3 24 31 -1
5 24 31 -1
3 5 24 31 1
6 24 31 -1
3 6 24 31 1
5 6 24 31 1
3 5 6 24 31 -1
10 24 31 -1
12 24 31 -1
10 12 24 31 1
13 24 31 -1
10 13 24 31 1
12 13 24 31 1
10 12 13 24 31 -1
18 24 31 -1
19 24 31 -1
18 19 24 31 1
22 24 31 -1
23 24 31 -6
3 23 24 31 1
5 23 24 31 1
3 5 23 24 31 -1
6 23 24 31 1
3 6 23 24 31 -1
5 6 23 24 31 -1
3 5 6 23 24 31 1
10 23 24 31 1
12 23 24 31 1
10 12 23 24 31 -1
13 23 24 31 1
10 13 23 24 31 -1
12 13 23 24 31 -1
10 12 13 23 24 31 1
18 23 24 31 1
19 23 24 31 1
18 19 23 24 31 -1
22 23 24 31 1
25 31 1
23 25 31 -1
24 25 31 -1
23 24 25 31 1
26 31 1
23 26 31 -1
24 26 31 -1
23 24 26 31 1
28 31 6
4 28 31 -1
5 28 31 -1
4 5 28 31 1
6 28 31 -1
4 6 28 31 1
5 6 28 31 1
4 5 6 28 31 -1
11 28 31 -1
12 28 31 -1
11 12 28 31 1
13 28 31 -1
11 13 28 31 1
12 13 28 31 1
11 12 13 28 31 -1
17 28 31 -1
18 28 31 -1
17 18 28 31 1
19 28 31 -1
17 19 28 31 1
18 19 28 31 1
17 18 19 28 31 -1
22 28 31 -1
23 28 31 -1
22 23 28 31 1
24 28 31 -1
22 24 28 31 1
23 24 28 31 1
22 23 24 28 31 -1
29 31 1
28 29 31 -1
30 31 1
28 30 31 -1
32 -21
2 32 1
3 32 1
4 32 1
5 32 6
2 5 32 -1
3 5 32 -1
4 5 32 -1
6 32 1
5 6 32 -1
7 32 6
2 7 32 -1
3 7 32 -1
4 7 32 -1
5 7 32 -6
2 5 7 32 1
3 5 7 32 1
4 5 7 32 1
6 7 32 -1
5 6 7 32 1
8 32 1
5 8 32 -1
7 8 32 -1
5 7 8 32 1
9 32 1
10 32 1
11 32 1
12 32 6
5 12 32 -1
7 12 32 -1
5 7 12 32 1
9 12 32 -1
10 12 32 -1
11 12 32 -1
13 32 1
12 13 32 -1
14 32 6
5 14 32 -1
7 14 32 -1
5 7 14 32 1
9 14 32 -1
10 14 32 -1
11 14 32 -1
12 14 32 -6
5 12 14 32 1
7 12 14 32 1
5 7 12 14 32 -1
9 12 14 32 1
10 12 14 32 1
11 12 14 32 1
13 14 32 -1
12 13 14 32 1
15 32 1
12 15 32 -1
14 15 32 -1
12 14 15 32 1
17 32 1
18 32 6
2 18 32 -1
5 18 32 -1
2 5 18 32 1
7 18 32 -1
2 7 18 32 1
5 7 18 32 1
2 5 7 18 32 -1
9 18 32 -1
12 18 32 -1
9 12 18 32 1
14 18 32 -1
9 14 18 32 1
12 14 18 32 1
9 12 14 18 32 -1
17 18 32 -1
19 32 1
18 19 32 -1
20 32 6
2 20 32 -1
5 20 32 -1
2 5 20 32 1
7 20 32 -1
2 7 20 32 1
5 7 20 32 1
2 5 7 20 32 -1
9 20 32 -1
12 20 32 -1
9 12 20 32 1
14 20 32 -1
9 14 20 32 1
12 14 20 32 1
9 12 14 20 32 -1
17 20 32 -1
18 20 32 -6
2 18 20 32 1
5 18 20 32 1
2 5 18 20 32 -1
7 18 20 32 1
2 7 18 20 32 -1
5 7 18 20 32 -1
2 5 7 18 20 32 1
9 18 20 32 1
12 18 20 32 1
9 12 18 20 32 -1
14 18 20 32 1
9 14 18 20 32 -1
12 14 18 20 32 -1
9 12 14 18 20 32 1
17 18 20 32 1
19 20 32 -1
18 19 20 32 1
21 32 1
18 21 32 -1
20 21 32 -1
18 20 21 32 1
22 32 1
23 32 6
3 23 32 -1
5 23 32 -1
3 5 23 32 1
7 23 32 -1
3 7 23 32 1
5 7 23 32 1
3 5 7 23 32 -1
10 23 32 -1
12 23 32 -1
10 12 23 32 1
14 23 32 -1
10 14 23 32 1
12 14 23 32 1
10 12 14 23 32 -1
18 23 32 -1
20 23 32 -1
18 20 23 32 1
22 23 32 -1
24 32 1
23 24 32 -1
25 32 6
3 25 32 -1
5 25 32 -1
3 5 25 32 1
7 25 32 -1
3 7 25 32 1
5 7 25 32 1
3 5 7 25 32 -1
10 25 32 -1
12 25 32 -1
10 12 25 32 1
14 25 32 -1
10 14 25 32 1
12 14 25 32 1
10 12 14 25 32 -1
18 25 32 -1
20 25 32 -1
18 20 25 32 1
22 25 32 -1
23 25 32 -6
3 23 25 32 1
5 23 25 32 1
3 5 23 25 32 -1
7 23 25 32 1
3 7 23 25 32 -1
5 7 23 25 32 -1
3 5 7 23 25 32 1
10 23 25 32 1
12 23 25 32 1
10 12 23 25 32 -1
14 23 25 32 1
10 14 23 25 32 -1
12 14 23 25 32 -1
10 12 14 23 25 32 1
18 23 25 32 1
20 23 25 32 1
18 20 23 25 32 -1
22 23 25 32 1
24 25 32 -1
23 24 25 32 1
26 32 1
23 26 32 -1
25 26 32 -1
23 25 26 32 1
28 32 1
29 32 6
4 29 32 -1
5 29 32 -1
4 5 29 32 1
7 29 32 -1
4 7 29 32 1
5 7 29 32 1
4 5 7 29 32 -1
11 29 32 -1
12 29 32 -1
11 12 29 32 1
14 29 32 -1
11 14 29 32 1
12 14 29 32 1
11 12 14 29 32 -1
17 29 32 -1
18 29 32 -1
17 18 29 32 1
20 29 32 -1
17 20 29 32 1
18 20 29 32 1
17 18 20 29 32 -1
22 29 32 -1
23 29 32 -1
22 23 29 32 1
25 29 32 -1
22 25 29 32 1
23 25 29 32 1
22 23 25 29 32 -1
28 29 32 -1
30 32 1
29 30 32 -1
31 32 6
5 31 32 -1
6 31 32 -1
5 6 31 32 1
7 31 32 -1
5 7 31 32 1
6 7 31 32 1
5 6 7 31 32 -1
12 31 32 -1
13 31 32 -1
12 13 31 32 1
14 31 32 -1
12 14 31 32 1
13 14 31 32 1
12 13 14 31 32 -1
18 31 32 -1
19 31 32 -1
18 19 31 32 1
20 31 32 -1
18 20 31 32 1
19 20 31 32 1
18 19 20 31 32 -1
23 31 32 -1
24 31 32 -1
23 24 31 32 1
25 31 32 -1
23 25 31 32 1
24 25 31 32 1
23 24 25 31 32 -1
28 31 32 -1
29 31 32 -1
28 29 31 32 1
33 -21
2 33 1
3 33 1
4 33 1
5 33 6
2 5 33 -1
3 5 33 -1
4 5 33 -1
6 33 1
5 6 33 -1
7 33 1
5 7 33 -1
8 33 6
2 8 33 -1
3 8 33 -1
4 8 33 -1
5 8 33 -6
2 5 8 33 1
3 5 8 33 1
4 5 8 33 1
6 8 33 -1
5 6 8 33 1
7 8 33 -1
5 7 8 33 1
9 33 1
10 33 1
11 33 1
12 33 6
5 12 33 -1
8 12 33 -1
5 8 12 33 1
9 12 33 -1
10 12 33 -1
11 12 33 -1
13 33 1
12 13 33 -1
14 33 1
12 14 33 -1
15 33 6
5 15 33 -1
8 15 33 -1
5 8 15 33 1
9 15 33 -1
10 15 33 -1
11 15 33 -1
12 15 33 -6
5 12 15 33 1
8 12 15 33 1
5 8 12 15 33 -1
9 12 15 33 1
10 12 15 33 1
11 12 15 33 1
13 15 33 -1
12 13 15 33 1
14 15 33 -1
12 14 15 33 1
17 33 1
18 33 6
2 18 33 -1
5 18 33 -1
2 5 18 33 1
8 18 33 -1
2 8 18 33 1
5 8 18 33 1
2 5 8 18 33 -1
9 18 33 -1
12 18 33 -1
9 12 18 33 1
15 18 33 -1
9 15 18 33 1
12 15 18 33 1
9 12 15 18 33 -1
17 18 33 -1
19 33 1
18 19 33 -1
20 33 1
18 20 33 -1
21 33 6
2 21 33 -1
5 21 33 -1
2 5 21 33 1
8 21 33 -1
2 8 21 33 1
5 8 21 33 1
2 5 8 21 33 -1
9 21 33 -1
12 21 33 -1
9 12 21 33 1
15 21 33 -1
9 15 21 33 1
12 15 21 33 1
9 12 15 21 33 -1
17 21 33 -1
18 21 33 -6
2 18 21 33 1
5 18 21 33 1
2 5 18 21 33 -1
8 18 21 33 1
2 8 18 21 33 -1
5 8 18 21 33 -1
2 5 8 18 21 33 1
9 18 21 33 1
12 18 21 33 1
9 12 18 21 33 -1
15 18 21 33 1
9 15 18 21 33 -1
12 15 18 21 33 -1
9 12 15 18 21 33 1
17 18 21 33 1
19 21 33 -1
18 19 21 33 1
20 21 33 -1
18 20 21 33 1
22 33 1
23 33 6
3 23 33 -1
5 23 33 -1
3 5 23 33 1
8 23 33 -1
3 8 23 33 1
5 8 23 33 1
3 5 8 23 33 -1
10 23 33 -1
12 23 33 -1
10 12 23 33 1
15 23 33 -1
10 15 23 33 1
12 15 23 33 1
10 12 15 23 33 -1
18 23 33 -1
21 23 33 -1
18 21 23 33 1
22 23 33 -1
24 33 1
23 24 33 -1
25 33 1
23 25 33 -1
26 33 6
3 26 33 -1
5 26 33 -1
3 5 26 33 1
8 26 33 -1
3 8 26 33 1
5 8 26 33 1
3 5 8 26 33 -1
10 26 33 -1
12 26 33 -1
10 12 26 33 1
15 26 33 -1
10 15 26 33 1
12 15 26 33 1
10 12 15 26 33 -1
18 26 33 -1
21 26 33 -1
18 21 26 33 1
22 26 33 -1
23 26 33 -6
3 23 26 33 1
5 23 26 33 1
3 5 23 26 33 -1
8 23 26 33 1
3 8 23 26 33 -1
5 8 23 26 33 -1
3 5 8 23 26 33 1
10 23 26 33 1
12 23 26 33 1
10 12 23 26 33 -1
15 23 26 33 1
10 15 23 26 33 -1
12 15 23 26 33 -1
10 12 15 23 26 33 1
18 23 26 33 1
21 23 26 33 1
18 21 23 26 33 -1
22 23 26 33 1
24 26 33 -1
23 24 26 33 1
25 26 33 -1
23 25 26 33 1
28 33 1
29 33 1
30 33 6
4 30 33 -1
5 30 33 -1
4 5 30 33 1
8 30 33 -1
4 8 30 33 1
5 8 30 33 1
4 5 8 30 33 -1
11 30 33 -1
12 30 33 -1
11 12 30 33 1
15 30 33 -1
11 15 30 33 1
12 15 30 33 1
11 12 15 30 33 -1
17 30 33 -1
18 30 33 -1
17 18 30 33 1
21 30 33 -1
17 21 30 33 1
18 21 30 33 1
17 18 21 30 33 -1
22 30 33 -1
23 30 33 -1
22 23 30 33 1
26 30 33 -1
22 26 30 33 1
23 26 30 33 1
22 23 26 30 33 -1
28 30 33 -1
29 30 33 -1
31 33 6
5 31 33 -1
6 31 33 -1
5 6 31 33 1
8 31 33 -1
5 8 31 33 1
6 8 31 33 1
5 6 8 31 33 -1
12 31 33 -1
13 31 33 -1
12 13 31 33 1
15 31 33 -1
12 15 31 33 1
13 15 31 33 1
12 13 15 31 33 -1
18 31 33 -1
19 31 33 -1
18 19 31 33 1
21 31 33 -1
18 21 31 33 1
19 21 31 33 1
18 19 21 31 33 -1
23 31 33 -1
24 31 33 -1
23 24 31 33 1
26 31 33 -1
23 26 31 33 1
24 26 31 33 1
23 24 26 31 33 -1
28 31 33 -1
30 31 33 -1
28 30 31 33 1
32 33 6
5 32 33 -1
7 32 33 -1
5 7 32 33 1
8 32 33 -1
5 8 32 33 1
7 8 32 33 1
5 7 8 32 33 -1
12 32 33 -1
14 32 33 -1
12 14 32 33 1
15 32 33 -1
12 15 32 33 1
14 15 32 33 1
12 14 15 32 33 -1
18 32 33 -1
20 32 33 -1
18 20 32 33 1
21 32 33 -1
18 21 32 33 1
20 21 32 33 1
18 20 21 32 33 -1
23 32 33 -1
25 32 33 -1
23 25 32 33 1
26 32 33 -1
23 26 32 33 1
25 26 32 33 1
23 25 26 32 33 -1
29 32 33 -1
30 32 33 -1
29 30 32 33 1
31 32 33 -1
35 -21
2 35 1
3 35 1
4 35 1
5 35 1
6 35 6
2 6 35 -1
3 6 35 -1
4 6 35 -1
5 6 35 -1
7 35 1
6 7 35 -1
8 35 6
2 8 35 -1
3 8 35 -1
4 8 35 -1
5 8 35 -1
6 8 35 -6
2 6 8 35 1
3 6 8 35 1
4 6 8 35 1
5 6 8 35 1
7 8 35 -1
6 7 8 35 1
9 35 1
10 35 1
11 35 1
12 35 1
13 35 6
6 13 35 -1
8 13 35 -1
6 8 13 35 1
9 13 35 -1
10 13 35 -1
11 13 35 -1
12 13 35 -1
14 35 1
13 14 35 -1
15 35 6
6 15 35 -1
8 15 35 -1
6 8 15 35 1
9 15 35 -1
10 15 35 -1
11 15 35 -1
12 15 35 -1
13 15 35 -6
6 13 15 35 1
8 13 15 35 1
6 8 13 15 35 -1
9 13 15 35 1
10 13 15 35 1
11 13 15 35 1
12 13 15 35 1
14 15 35 -1
13 14 15 35 1
17 35 1
18 35 1
19 35 6
2 19 35 -1
6 19 35 -1
2 6 19 35 1
8 19 35 -1
2 8 19 35 1
6 8 19 35 1
2 6 8 19 35 -1
9 19 35 -1
13 19 35 -1
9 13 19 35 1
15 19 35 -1
9 15 19 35 1
13 15 19 35 1
9 13 15 19 35 -1
17 19 35 -1
18 19 35 -1
20 35 1
19 20 35 -1
21 35 6
2 21 35 -1
6 21 35 -1
2 6 21 35 1
8 21 35 -1
2 8 21 35 1
6 8 21 35 1
2 6 8 21 35 -1
9 21 35 -1
13 21 35 -1
9 13 21 35 1
15 21 35 -1
9 15 21 35 1
13 15 21 35 1
9 13 15 21 35 -1
17 21 35 -1
18 21 35 -1
19 21 35 -6
2 19 21 35 1
6 19 21 35 1
2 6 19 21 35 -1
8 19 21 35 1
2 8 19 21 35 -1
6 8 19 21 35 -1
2 6 8 19 21 35 1
9 19 21 35 1
13 19 21 35 1
9 13 19 21 35 -1
15 19 21 35 1
9 15 19 21 35 -1
13 15 19 21 35 -1
9 13 15 19 21 35 1
17 19 21 35 1
18 19 21 35 1
20 21 35 -1
19 20 21 35 1
22 35 1
23 35 1
24 35 6
3 24 35 -1
6 24 35 -1
3 6 24 35 1
8 24 35 -1
3 8 24 35 1
6 8 24 35 1
3 6 8 24 35 -1
10 24 35 -1
13 24 35 -1
10 13 24 35 1
15 24 35 -1
10 15 24 35 1
13 15 24 35 1
10 13 15 24 35 -1
19 24 35 -1
21 24 35 -1
19 21 24 35 1
22 24 35 -1
23 24 35 -1
25 35 1
24 25 35 -1
26 35 6
3 26 35 -1
6 26 35 -1
3 6 26 35 1
8 26 35 -1
3 8 26 35 1
6 8 26 35 1
3 6 8 26 35 -1
10 26 35 -1
13 26 35 -1
10 13 26 35 1
15 26 35 -1
10 15 26 35 1
13 15 26 35 1
10 13 15 26 35 -1
19 26 35 -1
21 26 35 -1
19 21 26 35 1
22 26 35 -1
23 26 35 -1
24 26 35 -6
3 24 26 35 1
6 24 26 35 1
3 6 24 26 35 -1
8 24 26 35 1
3 8 24 26 35 -1
6 8 24 26 35 -1
3 6 8 24 26 35 1
10 24 26 35 1
13 24 26 35 1
10 13 24 26 35 -1
15 24 26 35 1
10 15 24 26 35 -1
13 15 24 26 35 -1
10 13 15 24 26 35 1
19 24 26 35 1
21 24 26 35 1
19 21 24 26 35 -1
22 24 26 35 1
23 24 26 35 1
25 26 35 -1
24 25 26 35 1
28 35 6
4 28 35 -1
6 28 35 -1
4 6 28 35 1
8 28 35 -1
4 8 28 35 1
6 8 28 35 1
4 6 8 28 35 -1
11 28 35 -1
13 28 35 -1
11 13 28 35 1
15 28 35 -1
11 15 28 35 1
13 15 28 35 1
11 13 15 28 35 -1
17 28 35 -1
19 28 35 -1
17 19 28 35 1
21 28 35 -1
17 21 28 35 1
19 21 28 35 1
17 19 21 28 35 -1
22 28 35 -1
24 28 35 -1
22 24 28 35 1
26 28 35 -1
22 26 28 35 1
24 26 28 35 1
22 24 26 28 35 -1
29 35 1
28 29 35 -1
30 35 6
4 30 35 -1
6 30 35 -1
4 6 30 35 1
8 30 35 -1
4 8 30 35 1
6 8 30 35 1
4 6 8 30 35 -1
11 30 35 -1
13 30 35 -1
11 13 30 35 1
15 30 35 -1
11 15 30 35 1
13 15 30 35 1
11 13 15 30 35 -1
17 30 35 -1
19 30 35 -1
17 19 30 35 1
21 30 35 -1
17 21 30 35 1
19 21 30 35 1
17 19 21 30 35 -1
22 30 35 -1
24 30 35 -1
22 24 30 35 1
26 30 35 -1
22 26 30 35 1
24 26 30 35 1
22 24 26 30 35 -1
28 30 35 -6
4 28 30 35 1
6 28 30 35 1
4 6 28 30 35 -1
8 28 30 35 1
4 8 28 30 35 -1
6 8 28 30 35 -1
4 6 8 28 30 35 1
11 28 30 35 1
13 28 30 35 1
11 13 28 30 35 -1
15 28 30 35 1
11 15 28 30 35 -1
13 15 28 30 35 -1
11 13 15 28 30 35 1
17 28 30 35 1
19 28 30 35 1
17 19 28 30 35 -1
21 28 30 35 1
17 21 28 30 35 -1
19 21 28 30 35 -1
17 19 21 28 30 35 1
2 4 6 8 17 19 21 28 30 35 1
9 11 13 15 17 19 21 28 30 35 1
22 28 30 35 1
24 28 30 35 1
22 24 28 30 35 -1
26 28 30 35 1
22 26 28 30 35 -1
24 26 28 30 35 -1
22 24 26 28 30 35 1
3 4 6 8 22 24 26 28 30 35 1
10 11 13 15 22 24 26 28 30 35 1
29 30 35 -1
28 29 30 35 1
31 35 6
5 31 35 -1
6 31 35 -1
5 6 31 35 1
8 31 35 -1
5 8 31 35 1
6 8 31 35 1
5 6 8 31 35 -1
12 31 35 -1
13 31 35 -1
12 13 31 35 1
15 31 35 -1
12 15 31 35 1
13 15 31 35 1
12 13 15 31 35 -1
18 31 35 -1
19 31 35 -1
18 19 31 35 1
21 31 35 -1
18 21 31 35 1
19 21 31 35 1
18 19 21 31 35 -1
23 31 35 -1
24 31 35 -1
23 24 31 35 1
26 31 35 -1
23 26 31 35 1
24 26 31 35 1
23 24 26 31 35 -1
28 31 35 -1
30 31 35 -1
28 30 31 35 1
32 35 1
31 32 35 -1
33 35 6
5 33 35 -1
6 33 35 -1
5 6 33 35 1
8 33 35 -1
5 8 33 35 1
6 8 33 35 1
5 6 8 33 35 -1
12 33 35 -1
13 33 35 -1
12 13 33 35 1
15 33 35 -1
12 15 33 35 1
13 15 33 35 1
12 13 15 33 35 -1
18 33 35 -1
19 33 35 -1
18 19 33 35 1
21 33 35 -1
18 21 33 35 1
19 21 33 35 1
18 19 21 33 35 -1
23 33 35 -1
24 33 35 -1
23 24 33 35 1
26 33 35 -1
23 26 33 35 1
24 26 33 35 1
23 24 26 33 35 -1
28 33 35 -1
30 33 35 -1
28 30 33 35 1
31 33 35 -6
5 31 33 35 1
6 31 33 35 1
5 6 31 33 35 -1
8 31 33 35 1
5 8 31 33 35 -1
6 8 31 33 35 -1
5 6 8 31 33 35 1
12 31 33 35 1
13 31 33 35 1
12 13 31 33 35 -1
15 31 33 35 1
12 15 31 33 35 -1
13 15 31 33 35 -1
12 13 15 31 33 35 1
18 31 33 35 1
19 31 33 35 1
18 19 31 33 35 -1
21 31 33 35 1
18 21 31 33 35 -1
19 21 31 33 35 -1
18 19 21 31 33 35 1
2 5 6 8 18 19 21 31 33 35 1
9 12 13 15 18 19 21 31 33 35 1
23 31 33 35 1
24 31 33 35 1
23 24 31 33 35 -1
26 31 33 35 1
23 26 31 33 35 -1
24 26 31 33 35 -1
23 24 26 31 33 35 1
3 5 6 8 23 24 26 31 33 35 1
10 12 13 15 23 24 26 31 33 35 1
28 31 33 35 1
30 31 33 35 1
28 30 31 33 35 -1
32 33 35 -1
31 32 33 35 1
36 -21
2 36 1
3 36 1
4 36 1
5 36 1
6 36 1
7 36 6
2 7 36 -1
3 7 36 -1
4 7 36 -1
5 7 36 -1
6 7 36 -1
8 36 6
2 8 36 -1
3 8 36 -1
4 8 36 -1
5 8 36 -1
6 8 36 -1
7 8 36 -6
2 7 8 36 1
3 7 8 36 1
4 7 8 36 1
5 7 8 36 1
6 7 8 36 1
9 36 1
10 36 1
11 36 1
12 36 1
13 36 1
14 36 6
7 14 36 -1
8 14 36 -1
7 8 14 36 1
9 14 36 -1
10 14 36 -1
11 14 36 -1
12 14 36 -1
13 14 36 -1
15 36 6
7 15 36 -1
8 15 36 -1
7 8 15 36 1
9 15 36 -1
10 15 36 -1
11 15 36 -1
12 15 36 -1
13 15 36 -1
14 15 36 -6
7 14 15 36 1
8 14 15 36 1
7 8 14 15 36 -1
9 14 15 36 1
10 14 15 36 1
11 14 15 36 1
12 14 15 36 1
13 14 15 36 1
17 36 1
18 36 1
19 36 1
20 36 6
2 20 36 -1
7 20 36 -1
2 7 20 36 1
8 20 36 -1
2 8 20 36 1
7 8 20 36 1
2 7 8 20 36 -1
9 20 36 -1
14 20 36 -1
9 14 20 36 1
15 20 36 -1
9 15 20 36 1
14 15 20 36 1
9 14 15 20 36 -1
17 20 36 -1
18 20 36 -1
19 20 36 -1
21 36 6
2 21 36 -1
7 21 36 -1
2 7 21 36 1
8 21 36 -1
2 8 21 36 1
7 8 21 36 1
2 7 8 21 36 -1
9 21 36 -1
14 21 36 -1
9 14 21 36 1
15 21 36 -1
9 15 21 36 1
14 15 21 36 1
9 14 15 21 36 -1
17 21 36 -1
18 21 36 -1
19 21 36 -1
20 21 36 -6
2 20 21 36 1
7 20 21 36 1
2 7 20 21 36 -1
8 20 21 36 1
2 8 20 21 36 -1
7 8 20 21 36 -1
2 7 8 20 21 36 1
9 20 21 36 1
14 20 21 36 1
9 14 20 21 36 -1
15 20 21 36 1
9 15 20 21 36 -1
14 15 20 21 36 -1
9 14 15 20 21 36 1
17 20 21 36 1
18 20 21 36 1
19 20 21 36 1
22 36 1
23 36 1
24 36 1
25 36 6
3 25 36 -1
7 25 36 -1
3 7 25 36 1
8 25 36 -1
3 8 25 36 1
7 8 25 36 1
3 7 8 25 36 -1
10 25 36 -1
14 25 36 -1
10 14 25 36 1
15 25 36 -1
10 15 25 36 1
14 15 25 36 1
10 14 15 25 36 -1
20 25 36 -1
21 25 36 -1
20 21 25 36 1
22 25 36 -1
23 25 36 -1
24 25 36 -1
26 36 6
3 26 36 -1
7 26 36 -1
3 7 26 36 1
8 26 36 -1
3 8 26 36 1
7 8 26 36 1
3 7 8 26 36 -1
10 26 36 -1
14 26 36 -1
10 14 26 36 1
15 26 36 -1
10 15 26 36 1
14 15 26 36 1
10 14 15 26 36 -1
20 26 36 -1
21 26 36 -1
20 21 26 36 1
22 26 36 -1
23 26 36 -1
24 26 36 -1
25 26 36 -6
3 25 26 36 1
7 25 26 36 1
3 7 25 26 36 -1
8 25 26 36 1
3 8 25 26 36 -1
7 8 25 26 36 -1
3 7 8 25 26 36 1
10 25 26 36 1
14 25 26 36 1
10 14 25 26 36 -1
15 25 26 36 1
10 15 25 26 36 -1
14 15 25 26 36 -1
10 14 15 25 26 36 1
20 25 26 36 1
21 25 26 36 1
20 21 25 26 36 -1
22 25 26 36 1
23 25 26 36 1
24 25 26 36 1
28 36 1
29 36 6
4 29 36 -1
7 29 36 -1
4 7 29 36 1
8 29 36 -1
4 8 29 36 1
7 8 29 36 1
4 7 8 29 36 -1
11 29 36 -1
14 29 36 -1
11 14 29 36 1
15 29 36 -1
11 15 29 36 1
14 15 29 36 1
11 14 15 29 36 -1
17 29 36 -1
20 29 36 -1
17 20 29 36 1
21 29 36 -1
17 21 29 36 1
20 21 29 36 1
17 20 21 29 36 -1
22 29 36 -1
25 29 36 -1
22 25 29 36 1
26 29 36 -1
22 26 29 36 1
25 26 29 36 1
22 25 26 29 36 -1
28 29 36 -1
30 36 6
4 30 36 -1
7 30 36 -1
4 7 30 36 1
8 30 36 -1
4 8 30 36 1
7 8 30 36 1
4 7 8 30 36 -1
11 30 36 -1
14 30 36 -1
11 14 30 36 1
15 30 36 -1
11 15 30 36 1
14 15 30 36 1
11 14 15 30 36 -1
17 30 36 -1
20 30 36 -1
17 20 30 36 1
21 30 36 -1
17 21 30 36 1
20 21 30 36 1
17 20 21 30 36 -1
22 30 36 -1
25 30 36 -1
22 25 30 36 1
26 30 36 -1
22 26 30 36 1
25 26 30 36 1
22 25 26 30 36 -1
28 30 36 -1
29 30 36 -6
4 29 30 36 1
7 29 30 36 1
4 7 29 30 36 -1
8 29 30 36 1
4 8 29 30 36 -1
7 8 29 30 36 -1
4 7 8 29 30 36 1
11 29 30 36 1
14 29 30 36 1
11 14 29 30 36 -1
15 29 30 36 1
11 15 29 30 36 -1
14 15 29 30 36 -1
11 14 15 29 30 36 1
17 29 30 36 1
20 29 30 36 1
17 20 29 30 36 -1
21 29 30 36 1
17 21 29 30 36 -1
20 21 29 30 36 -1
17 20 21 29 30 36 1
2 4 7 8 17 20 21 29 30 36 1
9 11 14 15 17 20 21 29 30 36 1
22 29 30 36 1
25 29 30 36 1
22 25 29 30 36 -1
26 29 30 36 1
22 26 29 30 36 -1
25 26 29 30 36 -1
22 25 26 29 30 36 1
3 4 7 8 22 25 26 29 30 36 1
10 11 14 15 22 25 26 29 30 36 1
28 29 30 36 1
31 36 1
32 36 6
5 32 36 -1
7 32 36 -1
5 7 32 36 1
8 32 36 -1
5 8 32 36 1
7 8 32 36 1
5 7 8 32 36 -1
12 32 36 -1
14 32 36 -1
12 14 32 36 1
15 32 36 -1
12 15 32 36 1
14 15 32 36 1
12 14 15 32 36 -1
18 32 36 -1
20 32 36 -1
18 20 32 36 1
21 32 36 -1
18 21 32 36 1
20 21 32 36 1
18 20 21 32 36 -1
23 32 36 -1
25 32 36 -1
23 25 32 36 1
26 32 36 -1
23 26 32 36 1
25 26 32 36 1
23 25 26 32 36 -1
29 32 36 -1
30 32 36 -1
29 30 32 36 1
31 32 36 -1
33 36 6
5 33 36 -1
7 33 36 -1
5 7 33 36 1
8 33 36 -1
5 8 33 36 1
7 8 33 36 1
5 7 8 33 36 -1
12 33 36 -1
14 33 36 -1
12 14 33 36 1
15 33 36 -1
12 15 33 36 1
14 15 33 36 1
12 14 15 33 36 -1
18 33 36 -1
20 33 36 -1
18 20 33 36 1
21 33 36 -1
18 21 33 36 1
20 21 33 36 1
18 20 21 33 36 -1
23 33 36 -1
25 33 36 -1
23 25 33 36 1
26 33 36 -1
23 26 33 36 1
25 26 33 36 1
23 25 26 33 36 -1
29 33 36 -1
30 33 36 -1
29 30 33 36 1
31 33 36 -1
32 33 36 -6
5 32 33 36 1
7 32 33 36 1
5 7 32 33 36 -1
8 32 33 36 1
5 8 32 33 36 -1
7 8 32 33 36 -1
5 7 8 32 33 36 1
12 32 33 36 1
14 32 33 36 1
12 14 32 33 36 -1
15 32 33 36 1
12 15 32 33 36 -1
14 15 32 33 36 -1
12 14 15 32 33 36 1
18 32 33 36 1
20 32 33 36 1
18 20 32 33 36 -1
21 32 33 36 1
18 21 32 33 36 -1
20 21 32 33 36 -1
18 20 21 32 33 36 1
2 5 7 8 18 20 21 32 33 36 1
9 12 14 15 18 20 21 32 33 36 1
23 32 33 36 1
25 32 33 36 1
23 25 32 33 36 -1
26 32 33 36 1
23 26 32 33 36 -1
25 26 32 33 36 -1
23 25 26 32 33 36 1
3 5 7 8 23 25 26 32 33 36 1
10 12 14 15 23 25 26 32 33 36 1
29 32 33 36 1
30 32 33 36 1
29 30 32 33 36 -1
31 32 33 36 1
35 36 6
6 35 36 -1
7 35 36 -1
6 7 35 36 1
8 35 36 -1
6 8 35 36 1
7 8 35 36 1
6 7 8 35 36 -1
13 35 36 -1
14 35 36 -1
13 14 35 36 1
15 35 36 -1
13 15 35 36 1
14 15 35 36 1
13 14 15 35 36 -1
19 35 36 -1
20 35 36 -1
19 20 35 36 1
21 35 36 -1
19 21 35 36 1
20 21 35 36 1
19 20 21 35 36 -1
24 35 36 -1
25 35 36 -1
24 25 35 36 1
26 35 36 -1
24 26 35 36 1
25 26 35 36 1
24 25 26 35 36 -1
28 35 36 -1
29 35 36 -1
28 29 35 36 1
30 35 36 -1
28 30 35 36 1
29 30 35 36 1
28 29 30 35 36 -1
31 35 36 -1
32 35 36 -1
31 32 35 36 1
33 35 36 -1
31 33 35 36 1
32 33 35 36 1
31 32 33 35 36 -1
#
75
2 -18
3 -18
2 3 6
4 -18
2 4 6
3 4 6
2 3 4 -1
5 -18
2 5 6
3 5 6
2 3 5 -1
4 5 6
2 4 5 -1
3 4 5 -1
6 -10
2 6 4
3 6 4
2 3 6 -1
4 6 4
2 4 6 -1
3 4 6 -1
5 6 4
2 5 6 -1
3 5 6 -1
4 5 6 -1
7 -10
2 7 4
3 7 4
2 3 7 -1
4 7 4
2 4 7 -1
3 4 7 -1
5 7 4
2 5 7 -1
3 5 7 -1
4 5 7 -1
8 -10
2 8 4
3 8 4
2 3 8 -1
4 8 4
2 4 8 -1
3 4 8 -1
5 8 4
2 5 8 -1
3 5 8 -1
4 5 8 -1
9 -18
2 9 6
3 9 1
2 3 9 -1
4 9 1
2 4 9 -1
5 9 1
2 5 9 -1
6 9 1
2 6 9 -1
7 9 1
2 7 9 -1
8 9 1
2 8 9 -1
10 -18
2 10 1
3 10 6
2 3 10 -1
4 10 1
3 4 10 -1
5 10 1
3 5 10 -1
6 10 1
3 6 10 -1
7 10 1
3 7 10 -1
8 10 1
3 8 10 -1
9 10 6
2 9 10 -1
3 9 10 -1
2 3 9 10 1
11 -18
2 11 1
3 11 1
4 11 6
2 4 11 -1
3 4 11 -1
5 11 1
4 5 11 -1
6 11 1
4 6 11 -1
7 11 1
4 7 11 -1
8 11 1
4 8 11 -1
9 11 6
2 9 11 -1
4 9 11 -1
2 4 9 11 1
10 11 6
3 10 11 -1
4 10 11 -1
3 4 10 11 1
9 10 11 -1
12 -18
2 12 1
3 12 1
4 12 1
5 12 6
2 5 12 -1
3 5 12 -1
4 5 12 -1
6 12 1
5 6 12 -1
7 12 1
5 7 12 -1
8 12 1
5 8 12 -1
9 12 6
2 9 12 -1
5 9 12 -1
2 5 9 12 1
10 12 6
3 10 12 -1
5 10 12 -1
3 5 10 12 1
9 10 12 -1
11 12 6
4 11 12 -1
5 11 12 -1
4 5 11 12 1
9 11 12 -1
10 11 12 -1
13 -10
2 13 1
3 13 1
4 13 1
5 13 1
6 13 4
2 6 13 -1
3 6 13 -1
4 6 13 -1
5 6 13 -1
9 13 4
2 9 13 -1
6 9 13 -1
2 6 9 13 1
10 13 4
3 10 13 -1
6 10 13 -1
3 6 10 13 1
9 10 13 -1
11 13 4
4 11 13 -1
6 11 13 -1
4 6 11 13 1
9 11 13 -1
10 11 13 -1
12 13 4
5 12 13 -1
6 12 13 -1
5 6 12 13 1
9 12 13 -1
10 12 13 -1
11 12 13 -1
14 -10
2 14 1
3 14 1
4 14 1
5 14 1
7 14 4
2 7 14 -1
3 7 14 -1
4 7 14 -1
5 7 14 -1
9 14 4
2 9 14 -1
7 9 14 -1
2 7 9 14 1
10 14 4
3 10 14 -1
7 10 14 -1
3 7 10 14 1
9 10 14 -1
11 14 4
4 11 14 -1
7 11 14 -1
4 7 11 14 1
9 11 14 -1
10 11 14 -1
12 14 4
5 12 14 -1
7 12 14 -1
5 7 12 14 1
9 12 14 -1
10 12 14 -1
11 12 14 -1
15 -10
2 15 1
3 15 1
4 15 1
5 15 1
8 15 4
2 8 15 -1
3 8 15 -1
4 8 15 -1
5 8 15 -1
9 15 4
2 9 15 -1
8 9 15 -1
2 8 9 15 1
10 15 4
3 10 15 -1
8 10 15 -1
3 8 10 15 1
9 10 15 -1
11 15 4
4 11 15 -1
8 11 15 -1
4 8 11 15 1
9 11 15 -1
10 11 15 -1
12 15 4
5 12 15 -1
8 12 15 -1
5 8 12 15 1
9 12 15 -1
10 12 15 -1
11 12 15 -1
17 -18
2 17 6
3 17 1
2 3 17 -1
4 17 6
2 4 17 -6
3 4 17 -1
2 3 4 17 1
5 17 1
2 5 17 -1
4 5 17 -1
2 4 5 17 1
6 17 1
2 6 17 -1
4 6 17 -1
2 4 6 17 1
7 17 1
2 7 17 -1
4 7 17 -1
2 4 7 17 1
8 17 1
2 8 17 -1
4 8 17 -1
2 4 8 17 1
9 17 6
2 9 17 -1
4 9 17 -1
2 4 9 17 1
10 17 1
9 10 17 -1
11 17 6
2 11 17 -1
4 11 17 -1
2 4 11 17 1
9 11 17 -6
2 9 11 17 1
4 9 11 17 1
2 4 9 11 17 -1
10 11 17 -1
9 10 11 17 1
12 17 1
9 12 17 -1
11 12 17 -1
9 11 12 17 1
13 17 1
9 13 17 -1
11 13 17 -1
9 11 13 17 1
14 17 1
9 14 17 -1
11 14 17 -1
9 11 14 17 1
15 17 1
9 15 17 -1
11 15 17 -1
9 11 15 17 1
18 -18
2 18 6
3 18 1
2 3 18 -1
4 18 1
2 4 18 -1
5 18 6
2 5 18 -6
3 5 18 -1
2 3 5 18 1
4 5 18 -1
2 4 5 18 1
6 18 1
2 6 18 -1
5 6 18 -1
2 5 6 18 1
7 18 1
2 7 18 -1
5 7 18 -1
2 5 7 18 1
8 18 1
2 8 18 -1
5 8 18 -1
2 5 8 18 1
9 18 6
2 9 18 -1
5 9 18 -1
2 5 9 18 1
10 18 1
9 10 18 -1
11 18 1
9 11 18 -1
12 18 6
2 12 18 -1
5 12 18 -1
2 5 12 18 1
9 12 18 -6
2 9 12 18 1
5 9 12 18 1
2 5 9 12 18 -1
10 12 18 -1
9 10 12 18 1
11 12 18 -1
9 11 12 18 1
13 18 1
9 13 18 -1
12 13 18 -1
9 12 13 18 1
14 18 1
9 14 18 -1
12 14 18 -1
9 12 14 18 1
15 18 1
9 15 18 -1
12 15 18 -1
9 12 15 18 1
17 18 6
2 17 18 -1
4 17 18 -1
2 4 17 18 1
5 17 18 -1
2 5 17 18 1
4 5 17 18 1
2 4 5 17 18 -1
9 17 18 -1
11 17 18 -1
9 11 17 18 1
12 17 18 -1
9 12 17 18 1
11 12 17 18 1
9 11 12 17 18 -1
19 -10
2 19 4
3 19 1
2 3 19 -1
4 19 1
2 4 19 -1
5 19 1
2 5 19 -1
6 19 4
2 6 19 -4
3 6 19 -1
2 3 6 19 1
4 6 19 -1
2 4 6 19 1
5 6 19 -1
2 5 6 19 1
9 19 4
2 9 19 -1
6 9 19 -1
2 6 9 19 1
10 19 1
9 10 19 -1
11 19 1
9 11 19 -1
12 19 1
9 12 19 -1
13 19 4
2 13 19 -1
6 13 19 -1
2 6 13 19 1
9 13 19 -4
2 9 13 19 1
6 9 13 19 1
2 6 9 13 19 -1
10 13 19 -1
9 10 13 19 1
11 13 19 -1
9 11 13 19 1
12 13 19 -1
9 12 13 19 1
17 19 4
2 17 19 -1
4 17 19 -1
2 4 17 19 1
6 17 19 -1
2 6 17 19 1
4 6 17 19 1
2 4 6 17 19 -1
9 17 19 -1
11 17 19 -1
9 11 17 19 1
13 17 19 -1
9 13 17 19 1
11 13 17 19 1
9 11 13 17 19 -1
18 19 4
2 18 19 -1
5 18 19 -1
2 5 18 19 1
6 18 19 -1
2 6 18 19 1
5 6 18 19 1
2 5 6 18 19 -1
9 18 19 -1
12 18 19 -1
9 12 18 19 1
13 18 19 -1
9 13 18 19 1
12 13 18 19 1
9 12 13 18 19 -1
17 18 19 -1
20 -10
2 20 4
3 20 1
2 3 20 -1
4 20 1
2 4 20 -1
5 20 1
2 5 20 -1
7 20 4
2 7 20 -4
3 7 20 -1
2 3 7 20 1
4 7 20 -1
2 4 7 20 1
5 7 20 -1
2 5 7 20 1
9 20 4
2 9 20 -1
7 9 20 -1
2 7 9 20 1
10 20 1
9 10 20 -1
11 20 1
9 11 20 -1
12 20 1
9 12 20 -1
14 20 4
2 14 20 -1
7 14 20 -1
2 7 14 20 1
9 14 20 -4
2 9 14 20 1
7 9 14 20 1
2 7 9 14 20 -1
10 14 20 -1
9 10 14 20 1
11 14 20 -1
9 11 14 20 1
12 14 20 -1
9 12 14 20 1
17 20 4
2 17 20 -1
4 17 20 -1
2 4 17 20 1
7 17 20 -1
2 7 17 20 1
4 7 17 20 1
2 4 7 17 20 -1
9 17 20 -1
11 17 20 -1
9 11 17 20 1
14 17 20 -1
9 14 17 20 1
11 14 17 20 1
9 11 14 17 20 -1
18 20 4
2 18 20 -1
5 18 20 -1
2 5 18 20 1
7 18 20 -1
2 7 18 20 1
5 7 18 20 1
2 5 7 18 20 -1
9 18 20 -1
12 18 20 -1
9 12 18 20 1
14 18 20 -1
9 14 18 20 1
12 14 18 20 1
9 12 14 18 20 -1
17 18 20 -1
21 -10
2 21 4
3 21 1
2 3 21 -1
4 21 1
2 4 21 -1
5 21 1
2 5 21 -1
8 21 4
2 8 21 -4
3 8 21 -1
2 3 8 21 1
4 8 21 -1
2 4 8 21 1
5 8 21 -1
2 5 8 21 1
9 21 4
2 9 21 -1
8 9 21 -1
2 8 9 21 1
10 21 1
9 10 21 -1
11 21 1
9 11 21 -1
12 21 1
9 12 21 -1
15 21 4
2 15 21 -1
8 15 21 -1
2 8 15 21 1
9 15 21 -4
2 9 15 21 1
8 9 15 21 1
2 8 9 15 21 -1
10 15 21 -1
9 10 15 21 1
11 15 21 -1
9 11 15 21 1
12 15 21 -1
9 12 15 21 1
17 21 4
2 17 21 -1
4 17 21 -1
2 4 17 21 1
8 17 21 -1
2 8 17 21 1
4 8 17 21 1
2 4 8 17 21 -1
9 17 21 -1
11 17 21 -1
9 11 17 21 1
15 17 21 -1
9 15 17 21 1
11 15 17 21 1
9 11 15 17 21 -1
18 21 4
2 18 21 -1
5 18 21 -1
2 5 18 21 1
8 18 21 -1
2 8 18 21 1
5 8 18 21 1
2 5 8 18 21 -1
9 18 21 -1
12 18 21 -1
9 12 18 21 1
15 18 21 -1
9 15 18 21 1
12 15 18 21 1
9 12 15 18 21 -1
17 18 21 -1
2 6 7 8 19 20 21 1
9 13 14 15 19 20 21 1
22 -18
2 22 1
3 22 6
2 3 22 -1
4 22 6
2 4 22 -1
3 4 22 -6
2 3 4 22 1
5 22 1
3 5 22 -1
4 5 22 -1
3 4 5 22 1
6 22 1
3 6 22 -1
4 6 22 -1
3 4 6 22 1
7 22 1
3 7 22 -1
4 7 22 -1
3 4 7 22 1
8 22 1
3 8 22 -1
4 8 22 -1
3 4 8 22 1
9 22 1
10 22 6
3 10 22 -1
4 10 22 -1
3 4 10 22 1
9 10 22 -1
11 22 6
3 11 22 -1
4 11 22 -1
3 4 11 22 1
9 11 22 -1
10 11 22 -6
3 10 11 22 1
4 10 11 22 1
3 4 10 11 22 -1
9 10 11 22 1
12 22 1
10 12 22 -1
11 12 22 -1
10 11 12 22 1
13 22 1
10 13 22 -1
11 13 22 -1
10 11 13 22 1
14 22 1
10 14 22 -1
11 14 22 -1
10 11 14 22 1
15 22 1
10 15 22 -1
11 15 22 -1
10 11 15 22 1
17 22 6
2 17 22 -1
3 17 22 -1
2 3 17 22 1
4 17 22 -1
2 4 17 22 1
3 4 17 22 1
2 3 4 17 22 -1
9 17 22 -1
10 17 22 -1
9 10 17 22 1
11 17 22 -1
9 11 17 22 1
10 11 17 22 1
9 10 11 17 22 -1
18 22 1
17 18 22 -1
19 22 1
17 19 22 -1
20 22 1
17 20 22 -1
21 22 1
17 21 22 -1
23 -18
2 23 1
3 23 6
2 3 23 -1
4 23 1
3 4 23 -1
5 23 6
2 5 23 -1
3 5 23 -6
2 3 5 23 1
4 5 23 -1
3 4 5 23 1
6 23 1
3 6 23 -1
5 6 23 -1
3 5 6 23 1
7 23 1
3 7 23 -1
5 7 23 -1
3 5 7 23 1
8 23 1
3 8 23 -1
5 8 23 -1
3 5 8 23 1
9 23 1
10 23 6
3 10 23 -1
5 10 23 -1
3 5 10 23 1
9 10 23 -1
11 23 1
10 11 23 -1
12 23 6
3 12 23 -1
5 12 23 -1
3 5 12 23 1
9 12 23 -1
10 12 23 -6
3 10 12 23 1
5 10 12 23 1
3 5 10 12 23 -1
9 10 12 23 1
11 12 23 -1
10 11 12 23 1
13 23 1
10 13 23 -1
12 13 23 -1
10 12 13 23 1
14 23 1
10 14 23 -1
12 14 23 -1
10 12 14 23 1
15 23 1
10 15 23 -1
12 15 23 -1
10 12 15 23 1
17 23 1
18 23 6
2 18 23 -1
3 18 23 -1
2 3 18 23 1
5 18 23 -1
2 5 18 23 1
3 5 18 23 1
2 3 5 18 23 -1
9 18 23 -1
10 18 23 -1
9 10 18 23 1
12 18 23 -1
9 12 18 23 1
10 12 18 23 1
9 10 12 18 23 -1
17 18 23 -1
19 23 1
18 19 23 -1
20 23 1
18 20 23 -1
21 23 1
18 21 23 -1
22 23 6
3 22 23 -1
4 22 23 -1
3 4 22 23 1
5 22 23 -1
3 5 22 23 1
4 5 22 23 1
3 4 5 22 23 -1
10 22 23 -1
11 22 23 -1
10 11 22 23 1
12 22 23 -1
10 12 22 23 1
11 12 22 23 1
10 11 12 22 23 -1
17 22 23 -1
18 22 23 -1
17 18 22 23 1
24 -10
2 24 1
3 24 4
2 3 24 -1
4 24 1
3 4 24 -1
5 24 1
3 5 24 -1
6 24 4
2 6 24 -1
3 6 24 -4
2 3 6 24 1
4 6 24 -1
3 4 6 24 1
5 6 24 -1
3 5 6 24 1
9 24 1
10 24 4
3 10 24 -1
6 10 24 -1
3 6 10 24 1
9 10 24 -1
11 24 1
10 11 24 -1
12 24 1
10 12 24 -1
13 24 4
3 13 24 -1
6 13 24 -1
3 6 13 24 1
9 13 24 -1
10 13 24 -4
3 10 13 24 1
6 10 13 24 1
3 6 10 13 24 -1
9 10 13 24 1
11 13 24 -1
10 11 13 24 1
12 13 24 -1
10 12 13 24 1
17 24 1
18 24 1
19 24 4
2 19 24 -1
3 19 24 -1
2 3 19 24 1
6 19 24 -1
2 6 19 24 1
3 6 19 24 1
2 3 6 19 24 -1
9 19 24 -1
10 19 24 -1
9 10 19 24 1
13 19 24 -1
9 13 19 24 1
10 13 19 24 1
9 10 13 19 24 -1
17 19 24 -1
18 19 24 -1
22 24 4
3 22 24 -1
4 22 24 -1
3 4 22 24 1
6 22 24 -1
3 6 22 24 1
4 6 22 24 1
3 4 6 22 24 -1
10 22 24 -1
11 22 24 -1
10 11 22 24 1
13 22 24 -1
10 13 22 24 1
11 13 22 24 1
10 11 13 22 24 -1
17 22 24 -1
19 22 24 -1
17 19 22 24 1
23 24 4
3 23 24 -1
5 23 24 -1
3 5 23 24 1
6 23 24 -1
3 6 23 24 1
5 6 23 24 1
3 5 6 23 24 -1
10 23 24 -1
12 23 24 -1
10 12 23 24 1
13 23 24 -1
10 13 23 24 1
12 13 23 24 1
10 12 13 23 24 -1
18 23 24 -1
19 23 24 -1
18 19 23 24 1
22 23 24 -1
25 -10
2 25 1
3 25 4
2 3 25 -1
4 25 1
3 4 25 -1
5 25 1
3 5 25 -1
7 25 4
2 7 25 -1
3 7 25 -4
2 3 7 25 1
4 7 25 -1
3 4 7 25 1
5 7 25 -1
3 5 7 25 1
9 25 1
10 25 4
3 10 25 -1
7 10 25 -1
3 7 10 25 1
9 10 25 -1
11 25 1
10 11 25 -1
12 25 1
10 12 25 -1
14 25 4
3 14 25 -1
7 14 25 -1
3 7 14 25 1
9 14 25 -1
10 14 25 -4
3 10 14 25 1
7 10 14 25 1
3 7 10 14 25 -1
9 10 14 25 1
11 14 25 -1
10 11 14 25 1
12 14 25 -1
10 12 14 25 1
17 25 1
18 25 1
20 25 4
2 20 25 -1
3 20 25 -1
2 3 20 25 1
7 20 25 -1
2 7 20 25 1
3 7 20 25 1
2 3 7 20 25 -1
9 20 25 -1
10 20 25 -1
9 10 20 25 1
14 20 25 -1
9 14 20 25 1
10 14 20 25 1
9 10 14 20 25 -1
17 20 25 -1
18 20 25 -1
22 25 4
3 22 25 -1
4 22 25 -1
3 4 22 25 1
7 22 25 -1
3 7 22 25 1
4 7 22 25 1
3 4 7 22 25 -1
10 22 25 -1
11 22 25 -1
10 11 22 25 1
14 22 25 -1
10 14 22 25 1
11 14 22 25 1
10 11 14 22 25 -1
17 22 25 -1
20 22 25 -1
17 20 22 25 1
23 25 4
3 23 25 -1
5 23 25 -1
3 5 23 25 1
7 23 25 -1
3 7 23 25 1
5 7 23 25 1
3 5 7 23 25 -1
10 23 25 -1
12 23 25 -1
10 12 23 25 1
14 23 25 -1
10 14 23 25 1
12 14 23 25 1
10 12 14 23 25 -1
18 23 25 -1
20 23 25 -1
18 20 23 25 1
22 23 25 -1
26 -10
2 26 1
3 26 4
2 3 26 -1
4 26 1
3 4 26 -1
5 26 1
3 5 26 -1
8 26 4
2 8 26 -1
3 8 26 -4
2 3 8 26 1
4 8 26 -1
3 4 8 26 1
5 8 26 -1
3 5 8 26 1
9 26 1
10 26 4
3 10 26 -1
8 10 26 -1
3 8 10 26 1
9 10 26 -1
11 26 1
10 11 26 -1
12 26 1
10 12 26 -1
15 26 4
3 15 26 -1
8 15 26 -1
3 8 15 26 1
9 15 26 -1
10 15 26 -4
3 10 15 26 1
8 10 15 26 1
3 8 10 15 26 -1
9 10 15 26 1
11 15 26 -1
10 11 15 26 1
12 15 26 -1
10 12 15 26 1
17 26 1
18 26 1
21 26 4
2 21 26 -1
3 21 26 -1
2 3 21 26 1
8 21 26 -1
2 8 21 26 1
3 8 21 26 1
2 3 8 21 26 -1
9 21 26 -1
10 21 26 -1
9 10 21 26 1
15 21 26 -1
9 15 21 26 1
10 15 21 26 1
9 10 15 21 26 -1
17 21 26 -1
18 21 26 -1
22 26 4
3 22 26 -1
4 22 26 -1
3 4 22 26 1
8 22 26 -1
3 8 22 26 1
4 8 22 26 1
3 4 8 22 26 -1
10 22 26 -1
11 22 26 -1
10 11 22 26 1
15 22 26 -1
10 15 22 26 1
11 15 22 26 1
10 11 15 22 26 -1
17 22 26 -1
21 22 26 -1
17 21 22 26 1
23 26 4
3 23 26 -1
5 23 26 -1
3 5 23 26 1
8 23 26 -1
3 8 23 26 1
5 8 23 26 1
3 5 8 23 26 -1
10 23 26 -1
12 23 26 -1
10 12 23 26 1
15 23 26 -1
10 15 23 26 1
12 15 23 26 1
10 12 15 23 26 -1
18 23 26 -1
21 23 26 -1
18 21 23 26 1
22 23 26 -1
3 6 7 8 24 25 26 1
10 13 14 15 24 25 26 1
28 -10
2 28 1
3 28 1
4 28 4
2 4 28 -1
3 4 28 -1
5 28 1
4 5 28 -1
6 28 4
2 6 28 -1
3 6 28 -1
4 6 28 -4
2 4 6 28 1
3 4 6 28 1
5 6 28 -1
4 5 6 28 1
9 28 1
10 28 1
11 28 4
4 11 28 -1
6 11 28 -1
4 6 11 28 1
9 11 28 -1
10 11 28 -1
12 28 1
11 12 28 -1
13 28 4
4 13 28 -1
6 13 28 -1
4 6 13 28 1
9 13 28 -1
10 13 28 -1
11 13 28 -4
4 11 13 28 1
6 11 13 28 1
4 6 11 13 28 -1
9 11 13 28 1
10 11 13 28 1
12 13 28 -1
11 12 13 28 1
17 28 4
2 17 28 -1
4 17 28 -1
2 4 17 28 1
6 17 28 -1
2 6 17 28 1
4 6 17 28 1
2 4 6 17 28 -1
9 17 28 -1
11 17 28 -1
9 11 17 28 1
13 17 28 -1
9 13 17 28 1
11 13 17 28 1
9 11 13 17 28 -1
18 28 1
17 18 28 -1
19 28 4
2 19 28 -1
4 19 28 -1
2 4 19 28 1
6 19 28 -1
2 6 19 28 1
4 6 19 28 1
2 4 6 19 28 -1
9 19 28 -1
11 19 28 -1
9 11 19 28 1
13 19 28 -1
9 13 19 28 1
11 13 19 28 1
9 11 13 19 28 -1
17 19 28 -4
2 17 19 28 1
4 17 19 28 1
2 4 17 19 28 -1
6 17 19 28 1
2 6 17 19 28 -1
4 6 17 19 28 -1
2 4 6 17 19 28 1
9 17 19 28 1
11 17 19 28 1
9 11 17 19 28 -1
13 17 19 28 1
9 13 17 19 28 -1
11 13 17 19 28 -1
9 11 13 17 19 28 1
18 19 28 -1
17 18 19 28 1
22 28 4
3 22 28 -1
4 22 28 -1
3 4 22 28 1
6 22 28 -1
3 6 22 28 1
4 6 22 28 1
3 4 6 22 28 -1
10 22 28 -1
11 22 28 -1
10 11 22 28 1
13 22 28 -1
10 13 22 28 1
11 13 22 28 1
10 11 13 22 28 -1
17 22 28 -1
19 22 28 -1
17 19 22 28 1
23 28 1
22 23 28 -1
24 28 4
3 24 28 -1
4 24 28 -1
3 4 24 28 1
6 24 28 -1
3 6 24 28 1
4 6 24 28 1
3 4 6 24 28 -1
10 24 28 -1
11 24 28 -1
10 11 24 28 1
13 24 28 -1
10 13 24 28 1
11 13 24 28 1
10 11 13 24 28 -1
17 24 28 -1
19 24 28 -1
17 19 24 28 1
22 24 28 -4
3 22 24 28 1
4 22 24 28 1
3 4 22 24 28 -1
6 22 24 28 1
3 6 22 24 28 -1
4 6 22 24 28 -1
3 4 6 22 24 28 1
10 22 24 28 1
11 22 24 28 1
10 11 22 24 28 -1
13 22 24 28 1
10 13 22 24 28 -1
11 13 22 24 28 -1
10 11 13 22 24 28 1
17 22 24 28 1
19 22 24 28 1
17 19 22 24 28 -1
23 24 28 -1
22 23 24 28 1
29 -10
2 29 1
3 29 1
4 29 4
2 4 29 -1
3 4 29 -1
5 29 1
4 5 29 -1
7 29 4
2 7 29 -1
3 7 29 -1
4 7 29 -4
2 4 7 29 1
3 4 7 29 1
5 7 29 -1
4 5 7 29 1
9 29 1
10 29 1
11 29 4
4 11 29 -1
7 11 29 -1
4 7 11 29 1
9 11 29 -1
10 11 29 -1
12 29 1
11 12 29 -1
14 29 4
4 14 29 -1
7 14 29 -1
4 7 14 29 1
9 14 29 -1
10 14 29 -1
11 14 29 -4
4 11 14 29 1
7 11 14 29 1
4 7 11 14 29 -1
9 11 14 29 1
10 11 14 29 1
12 14 29 -1
11 12 14 29 1
17 29 4
2 17 29 -1
4 17 29 -1
2 4 17 29 1
7 17 29 -1
2 7 17 29 1
4 7 17 29 1
2 4 7 17 29 -1
9 17 29 -1
11 17 29 -1
9 11 17 29 1
14 17 29 -1
9 14 17 29 1
11 14 17 29 1
9 11 14 17 29 -1
18 29 1
17 18 29 -1
20 29 4
2 20 29 -1
4 20 29 -1
2 4 20 29 1
7 20 29 -1
2 7 20 29 1
4 7 20 29 1
2 4 7 20 29 -1
9 20 29 -1
11 20 29 -1
9 11 20 29 1
14 20 29 -1
9 14 20 29 1
11 14 20 29 1
9 11 14 20 29 -1
17 20 29 -4
2 17 20 29 1
4 17 20 29 1
2 4 17 20 29 -1
7 17 20 29 1
2 7 17 20 29 -1
4 7 17 20 29 -1
2 4 7 17 20 29 1
9 17 20 29 1
11 17 20 29 1
9 11 17 20 29 -1
14 17 20 29 1
9 14 17 20 29 -1
11 14 17 20 29 -1
9 11 14 17 20 29 1
18 20 29 -1
17 18 20 29 1
22 29 4
3 22 29 -1
4 22 29 -1
3 4 22 29 1
7 22 29 -1
3 7 22 29 1
4 7 22 29 1
3 4 7 22 29 -1
10 22 29 -1
11 22 29 -1
10 11 22 29 1
14 22 29 -1
10 14 22 29 1
11 14 22 29 1
10 11 14 22 29 -1
17 22 29 -1
20 22 29 -1
17 20 22 29 1
23 29 1
22 23 29 -1
25 29 4
3 25 29 -1
4 25 29 -1
3 4 25 29 1
7 25 29 -1
3 7 25 29 1
4 7 25 29 1
3 4 7 25 29 -1
10 25 29 -1
11 25 29 -1
10 11 25 29 1
14 25 29 -1
10 14 25 29 1
11 14 25 29 1
10 11 14 25 29 -1
17 25 29 -1
20 25 29 -1
17 20 25 29 1
22 25 29 -4
3 22 25 29 1
4 22 25 29 1
3 4 22 25 29 -1
7 22 25 29 1
3 7 22 25 29 -1
4 7 22 25 29 -1
3 4 7 22 25 29 1
10 22 25 29 1
11 22 25 29 1
10 11 22 25 29 -1
14 22 25 29 1
10 14 22 25 29 -1
11 14 22 25 29 -1
10 11 14 22 25 29 1
17 22 25 29 1
20 22 25 29 1
17 20 22 25 29 -1
23 25 29 -1
22 23 25 29 1
2 4 6 7 17 19 20 28 29 1
9 11 13 14 17 19 20 28 29 1
3 4 6 7 22 24 25 28 29 1
10 11 13 14 22 24 25 28 29 1
30 -10
2 30 1
3 30 1
4 30 4
2 4 30 -1
3 4 30 -1
5 30 1
4 5 30 -1
8 30 4
2 8 30 -1
3 8 30 -1
4 8 30 -4
2 4 8 30 1
3 4 8 30 1
5 8 30 -1
4 5 8 30 1
9 30 1
10 30 1
11 30 4
4 11 30 -1
8 11 30 -1
4 8 11 30 1
9 11 30 -1
10 11 30 -1
12 30 1
11 12 30 -1
15 30 4
4 15 30 -1
8 15 30 -1
4 8 15 30 1
9 15 30 -1
10 15 30 -1
11 15 30 -4
4 11 15 30 1
8 11 15 30 1
4 8 11 15 30 -1
9 11 15 30 1
10 11 15 30 1
12 15 30 -1
11 12 15 30 1
17 30 4
2 17 30 -1
4 17 30 -1
2 4 17 30 1
8 17 30 -1
2 8 17 30 1
4 8 17 30 1
2 4 8 17 30 -1
9 17 30 -1
11 17 30 -1
9 11 17 30 1
15 17 30 -1
9 15 17 30 1
11 15 17 30 1
9 11 15 17 30 -1
18 30 1
17 18 30 -1
21 30 4
2 21 30 -1
4 21 30 -1
2 4 21 30 1
8 21 30 -1
2 8 21 30 1
4 8 21 30 1
2 4 8 21 30 -1
9 21 30 -1
11 21 30 -1
9 11 21 30 1
15 21 30 -1
9 15 21 30 1
11 15 21 30 1
9 11 15 21 30 -1
17 21 30 -4
2 17 21 30 1
4 17 21 30 1
2 4 17 21 30 -1
8 17 21 30 1
2 8 17 21 30 -1
4 8 17 21 30 -1
2 4 8 17 21 30 1
9 17 21 30 1
11 17 21 30 1
9 11 17 21 30 -1
15 17 21 30 1
9 15 17 21 30 -1
11 15 17 21 30 -1
9 11 15 17 21 30 1
18 21 30 -1
17 18 21 30 1
22 30 4
3 22 30 -1
4 22 30 -1
3 4 22 30 1
8 22 30 -1
3 8 22 30 1
4 8 22 30 1
3 4 8 22 30 -1
10 22 30 -1
11 22 30 -1
10 11 22 30 1
15 22 30 -1
10 15 22 30 1
11 15 22 30 1
10 11 15 22 30 -1
17 22 30 -1
21 22 30 -1
17 21 22 30 1
23 30 1
22 23 30 -1
26 30 4
3 26 30 -1
4 26 30 -1
3 4 26 30 1
8 26 30 -1
3 8 26 30 1
4 8 26 30 1
3 4 8 26 30 -1
10 26 30 -1
11 26 30 -1
10 11 26 30 1
15 26 30 -1
10 15 26 30 1
11 15 26 30 1
10 11 15 26 30 -1
17 26 30 -1
21 26 30 -1
17 21 26 30 1
22 26 30 -4
3 22 26 30 1
4 22 26 30 1
3 4 22 26 30 -1
8 22 26 30 1
3 8 22 26 30 -1
4 8 22 26 30 -1
3 4 8 22 26 30 1
10 22 26 30 1
11 22 26 30 1
10 11 22 26 30 -1
15 22 26 30 1
10 15 22 26 30 -1
11 15 22 26 30 -1
10 11 15 22 26 30 1
17 22 26 30 1
21 22 26 30 1
17 21 22 26 30 -1
23 26 30 -1
22 23 26 30 1
2 4 6 8 17 19 21 28 30 1
9 11 13 15 17 19 21 28 30 1
3 4 6 8 22 24 26 28 30 1
10 11 13 15 22 24 26 28 30 1
2 4 7 8 17 20 21 29 30 1
9 11 14 15 17 20 21 29 30 1
3 4 7 8 22 25 26 29 30 1
10 11 14 15 22 25 26 29 30 1
4 6 7 8 28 29 30 1
11 13 14 15 28 29 30 1
17 19 20 21 28 29 30 1
22 24 25 26 28 29 30 1
31 -10
2 31 1
3 31 1
4 31 1
5 31 4
2 5 31 -1
3 5 31 -1
4 5 31 -1
6 31 4
2 6 31 -1
3 6 31 -1
4 6 31 -1
5 6 31 -4
2 5 6 31 1
3 5 6 31 1
4 5 6 31 1
9 31 1
10 31 1
11 31 1
12 31 4
5 12 31 -1
6 12 31 -1
5 6 12 31 1
9 12 31 -1
10 12 31 -1
11 12 31 -1
13 31 4
5 13 31 -1
6 13 31 -1
5 6 13 31 1
9 13 31 -1
10 13 31 -1
11 13 31 -1
12 13 31 -4
5 12 13 31 1
6 12 13 31 1
5 6 12 13 31 -1
9 12 13 31 1
10 12 13 31 1
11 12 13 31 1
17 31 1
18 31 4
2 18 31 -1
5 18 31 -1
2 5 18 31 1
6 18 31 -1
2 6 18 31 1
5 6 18 31 1
2 5 6 18 31 -1
9 18 31 -1
12 18 31 -1
9 12 18 31 1
13 18 31 -1
9 13 18 31 1
12 13 18 31 1
9 12 13 18 31 -1
17 18 31 -1
19 31 4
2 19 31 -1
5 19 31 -1
2 5 19 31 1
6 19 31 -1
2 6 19 31 1
5 6 19 31 1
2 5 6 19 31 -1
9 19 31 -1
12 19 31 -1
9 12 19 31 1
13 19 31 -1
9 13 19 31 1
12 13 19 31 1
9 12 13 19 31 -1
17 19 31 -1
18 19 31 -4
2 18 19 31 1
5 18 19 31 1
2 5 18 19 31 -1
6 18 19 31 1
2 6 18 19 31 -1
5 6 18 19 31 -1
2 5 6 18 19 31 1
9 18 19 31 1
12 18 19 31 1
9 12 18 19 31 -1
13 18 19 31 1
9 13 18 19 31 -1
12 13 18 19 31 -1
9 12 13 18 19 31 1
17 18 19 31 1
22 31 1
23 31 4
3 23 31 -1
5 23 31 -1
3 5 23 31 1
6 23 31 -1
3 6 23 31 1
5 6 23 31 1
3 5 6 23 31 -1
10 23 31 -1
12 23 31 -1
10 12 23 31 1
13 23 31 -1
10 13 23 31 1
12 13 23 31 1
10 12 13 23 31 -1
18 23 31 -1
19 23 31 -1
18 19 23 31 1
22 23 31 -1
24 31 4
3 24 31 -1
5 24 31 -1
3 5 24 31 1
6 24 31 -1
3 6 24 31 1
5 6 24 31 1
3 5 6 24 31 -1
10 24 31 -1
12 24 31 -1
10 12 24 31 1
13 24 31 -1
10 13 24 31 1
12 13 24 31 1
10 12 13 24 31 -1
18 24 31 -1
19 24 31 -1
18 19 24 31 1
22 24 31 -1
23 24 31 -4
3 23 24 31 1
5 23 24 31 1
3 5 23 24 31 -1
6 23 24 31 1
3 6 23 24 31 -1
5 6 23 24 31 -1
3 5 6 23 24 31 1
10 23 24 31 1
12 23 24 31 1
10 12 23 24 31 -1
13 23 24 31 1
10 13 23 24 31 -1
12 13 23 24 31 -1
10 12 13 23 24 31 1
18 23 24 31 1
19 23 24 31 1
18 19 23 24 31 -1
22 23 24 31 1
28 31 4
4 28 31 -1
5 28 31 -1
4 5 28 31 1
6 28 31 -1
4 6 28 31 1
5 6 28 31 1
4 5 6 28 31 -1
11 28 31 -1
12 28 31 -1
11 12 28 31 1
13 28 31 -1
11 13 28 31 1
12 13 28 31 1
11 12 13 28 31 -1
17 28 31 -1
18 28 31 -1
17 18 28 31 1
19 28 31 -1
17 19 28 31 1
18 19 28 31 1
17 18 19 28 31 -1
22 28 31 -1
23 28 31 -1
22 23 28 31 1
24 28 31 -1
22 24 28 31 1
23 24 28 31 1
22 23 24 28 31 -1
32 -10
2 32 1
3 32 1
4 32 1
5 32 4
2 5 32 -1
3 5 32 -1
4 5 32 -1
7 32 4
2 7 32 -1
3 7 32 -1
4 7 32 -1
5 7 32 -4
2 5 7 32 1
3 5 7 32 1
4 5 7 32 1
9 32 1
10 32 1
11 32 1
12 32 4
5 12 32 -1
7 12 32 -1
5 7 12 32 1
9 12 32 -1
10 12 32 -1
11 12 32 -1
14 32 4
5 14 32 -1
7 14 32 -1
5 7 14 32 1
9 14 32 -1
10 14 32 -1
11 14 32 -1
12 14 32 -4
5 12 14 32 1
7 12 14 32 1
5 7 12 14 32 -1
9 12 14 32 1
10 12 14 32 1
11 12 14 32 1
17 32 1
18 32 4
2 18 32 -1
5 18 32 -1
2 5 18 32 1
7 18 32 -1
2 7 18 32 1
5 7 18 32 1
2 5 7 18 32 -1
9 18 32 -1
12 18 32 -1
9 12 18 32 1
14 18 32 -1
9 14 18 32 1
12 14 18 32 1
9 12 14 18 32 -1
17 18 32 -1
20 32 4
2 20 32 -1
5 20 32 -1
2 5 20 32 1
7 20 32 -1
2 7 20 32 1
5 7 20 32 1
2 5 7 20 32 -1
9 20 32 -1
12 20 32 -1
9 12 20 32 1
14 20 32 -1
9 14 20 32 1
12 14 20 32 1
9 12 14 20 32 -1
17 20 32 -1
18 20 32 -4
2 18 20 32 1
5 18 20 32 1
2 5 18 20 32 -1
7 18 20 32 1
2 7 18 20 32 -1
5 7 18 20 32 -1
2 5 7 18 20 32 1
9 18 20 32 1
12 18 20 32 1
9 12 18 20 32 -1
14 18 20 32 1
9 14 18 20 32 -1
12 14 18 20 32 -1
9 12 14 18 20 32 1
17 18 20 32 1
22 32 1
23 32 4
3 23 32 -1
5 23 32 -1
3 5 23 32 1
7 23 32 -1
3 7 23 32 1
5 7 23 32 1
3 5 7 23 32 -1
10 23 32 -1
12 23 32 -1
10 12 23 32 1
14 23 32 -1
10 14 23 32 1
12 14 23 32 1
10 12 14 23 32 -1
18 23 32 -1
20 23 32 -1
18 20 23 32 1
22 23 32 -1
25 32 4
3 25 32 -1
5 25 32 -1
3 5 25 32 1
7 25 32 -1
3 7 25 32 1
5 7 25 32 1
3 5 7 25 32 -1
10 25 32 -1
12 25 32 -1
10 12 25 32 1
14 25 32 -1
10 14 25 32 1
12 14 25 32 1
10 12 14 25 32 -1
18 25 32 -1
20 25 32 -1
18 20 25 32 1
22 25 32 -1
23 25 32 -4
3 23 25 32 1
5 23 25 32 1
3 5 23 25 32 -1
7 23 25 32 1
3 7 23 25 32 -1
5 7 23 25 32 -1
3 5 7 23 25 32 1
10 23 25 32 1
12 23 25 32 1
10 12 23 25 32 -1
14 23 25 32 1
10 14 23 25 32 -1
12 14 23 25 32 -1
10 12 14 23 25 32 1
18 23 25 32 1
20 23 25 32 1
18 20 23 25 32 -1
22 23 25 32 1
29 32 4
4 29 32 -1
5 29 32 -1
4 5 29 32 1
7 29 32 -1
4 7 29 32 1
5 7 29 32 1
4 5 7 29 32 -1
11 29 32 -1
12 29 32 -1
11 12 29 32 1
14 29 32 -1
11 14 29 32 1
12 14 29 32 1
11 12 14 29 32 -1
17 29 32 -1
18 29 32 -1
17 18 29 32 1
20 29 32 -1
17 20 29 32 1
18 20 29 32 1
17 18 20 29 32 -1
22 29 32 -1
23 29 32 -1
22 23 29 32 1
25 29 32 -1
22 25 29 32 1
23 25 29 32 1
22 23 25 29 32 -1
2 5 6 7 18 19 20 31 32 1
9 12 13 14 18 19 20 31 32 1
3 5 6 7 23 24 25 31 32 1
10 12 13 14 23 24 25 31 32 1
33 -10
2 33 1
3 33 1
4 33 1
5 33 4
2 5 33 -1
3 5 33 -1
4 5 33 -1
8 33 4
2 8 33 -1
3 8 33 -1
4 8 33 -1
5 8 33 -4
2 5 8 33 1
3 5 8 33 1
4 5 8 33 1
9 33 1
10 33 1
11 33 1
12 33 4
5 12 33 -1
8 12 33 -1
5 8 12 33 1
9 12 33 -1
10 12 33 -1
11 12 33 -1
15 33 4
5 15 33 -1
8 15 33 -1
5 8 15 33 1
9 15 33 -1
10 15 33 -1
11 15 33 -1
12 15 33 -4
5 12 15 33 1
8 12 15 33 1
5 8 12 15 33 -1
9 12 15 33 1
10 12 15 33 1
11 12 15 33 1
17 33 1
18 33 4
2 18 33 -1
5 18 33 -1
2 5 18 33 1
8 18 33 -1
2 8 18 33 1
5 8 18 33 1
2 5 8 18 33 -1
9 18 33 -1
12 18 33 -1
9 12 18 33 1
15 18 33 -1
9 15 18 33 1
12 15 18 33 1
9 12 15 18 33 -1
17 18 33 -1
21 33 4
2 21 33 -1
5 21 33 -1
2 5 21 33 1
8 21 33 -1
2 8 21 33 1
5 8 21 33 1
2 5 8 21 33 -1
9 21 33 -1
12 21 33 -1
9 12 21 33 1
15 21 33 -1
9 15 21 33 1
12 15 21 33 1
9 12 15 21 33 -1
17 21 33 -1
18 21 33 -4
2 18 21 33 1
5 18 21 33 1
2 5 18 21 33 -1
8 18 21 33 1
2 8 18 21 33 -1
5 8 18 21 33 -1
2 5 8 18 21 33 1
9 18 21 33 1
12 18 21 33 1
9 12 18 21 33 -1
15 18 21 33 1
9 15 18 21 33 -1
12 15 18 21 33 -1
9 12 15 18 21 33 1
17 18 21 33 1
22 33 1
23 33 4
3 23 33 -1
5 23 33 -1
3 5 23 33 1
8 23 33 -1
3 8 23 33 1
5 8 23 33 1
3 5 8 23 33 -1
10 23 33 -1
12 23 33 -1
10 12 23 33 1
15 23 33 -1
10 15 23 33 1
12 15 23 33 1
10 12 15 23 33 -1
18 23 33 -1
21 23 33 -1
18 21 23 33 1
22 23 33 -1
26 33 4
3 26 33 -1
5 26 33 -1
3 5 26 33 1
8 26 33 -1
3 8 26 33 1
5 8 26 33 1
3 5 8 26 33 -1
10 26 33 -1
12 26 33 -1
10 12 26 33 1
15 26 33 -1
10 15 26 33 1
12 15 26 33 1
10 12 15 26 33 -1
18 26 33 -1
21 26 33 -1
18 21 26 33 1
22 26 33 -1
23 26 33 -4
3 23 26 33 1
5 23 26 33 1
3 5 23 26 33 -1
8 23 26 33 1
3 8 23 26 33 -1
5 8 23 26 33 -1
3 5 8 23 26 33 1
10 23 26 33 1
12 23 26 33 1
10 12 23 26 33 -1
15 23 26 33 1
10 15 23 26 33 -1
12 15 23 26 33 -1
10 12 15 23 26 33 1
18 23 26 33 1
21 23 26 33 1
18 21 23 26 33 -1
22 23 26 33 1
30 33 4
4 30 33 -1
5 30 33 -1
4 5 30 33 1
8 30 33 -1
4 8 30 33 1
5 8 30 33 1
4 5 8 30 33 -1
11 30 33 -1
12 30 33 -1
11 12 30 33 1
15 30 33 -1
11 15 30 33 1
12 15 30 33 1
11 12 15 30 33 -1
17 30 33 -1
18 30 33 -1
17 18 30 33 1
21 30 33 -1
17 21 30 33 1
18 21 30 33 1
17 18 21 30 33 -1
22 30 33 -1
23 30 33 -1
22 23 30 33 1
26 30 33 -1
22 26 30 33 1
23 26 30 33 1
22 23 26 30 33 -1
2 5 6 8 18 19 21 31 33 1
9 12 13 15 18 19 21 31 33 1
3 5 6 8 23 24 26 31 33 1
10 12 13 15 23 24 26 31 33 1
2 5 7 8 18 20 21 32 33 1
9 12 14 15 18 20 21 32 33 1
3 5 7 8 23 25 26 32 33 1
10 12 14 15 23 25 26 32 33 1
5 6 7 8 31 32 33 1
12 13 14 15 31 32 33 1
18 19 20 21 31 32 33 1
23 24 25 26 31 32 33 1
#
