35
2 -10
3 -10
2 3 4
4 -10
2 4 4
3 4 4
2 3 4 -1
5 -10
2 5 4
3 5 4
2 3 5 -1
4 5 4
2 4 5 -1
3 4 5 -1
6 -10
2 6 4
3 6 4
2 3 6 -1
4 6 4
2 4 6 -1
3 4 6 -1
5 6 4
2 5 6 -1
3 5 6 -1
4 5 6 -1
7 -10
2 7 4
3 7 1
2 3 7 -1
4 7 1
2 4 7 -1
5 7 1
2 5 7 -1
6 7 1
2 6 7 -1
8 -10
2 8 1
3 8 4
2 3 8 -1
4 8 1
3 4 8 -1
5 8 1
3 5 8 -1
6 8 1
3 6 8 -1
7 8 4
2 7 8 -1
3 7 8 -1
2 3 7 8 1
9 -10
2 9 1
3 9 1
4 9 4
2 4 9 -1
3 4 9 -1
5 9 1
4 5 9 -1
6 9 1
4 6 9 -1
7 9 4
2 7 9 -1
4 7 9 -1
2 4 7 9 1
8 9 4
3 8 9 -1
4 8 9 -1
3 4 8 9 1
7 8 9 -1
10 -10
2 10 1
3 10 1
4 10 1
5 10 4
2 5 10 -1
3 5 10 -1
4 5 10 -1
6 10 1
5 6 10 -1
7 10 4
2 7 10 -1
5 7 10 -1
2 5 7 10 1
8 10 4
3 8 10 -1
5 8 10 -1
3 5 8 10 1
7 8 10 -1
9 10 4
4 9 10 -1
5 9 10 -1
4 5 9 10 1
7 9 10 -1
8 9 10 -1
11 -10
2 11 1
3 11 1
4 11 1
5 11 1
6 11 4
2 6 11 -1
3 6 11 -1
4 6 11 -1
5 6 11 -1
7 11 4
2 7 11 -1
6 7 11 -1
2 6 7 11 1
8 11 4
3 8 11 -1
6 8 11 -1
3 6 8 11 1
7 8 11 -1
9 11 4
4 9 11 -1
6 9 11 -1
4 6 9 11 1
7 9 11 -1
8 9 11 -1
10 11 4
5 10 11 -1
6 10 11 -1
5 6 10 11 1
7 10 11 -1
8 10 11 -1
9 10 11 -1
13 -10
2 13 4
3 13 1
2 3 13 -1
4 13 4
2 4 13 -4
3 4 13 -1
2 3 4 13 1
5 13 1
2 5 13 -1
4 5 13 -1
2 4 5 13 1
6 13 1
2 6 13 -1
4 6 13 -1
2 4 6 13 1
7 13 4
2 7 13 -1
4 7 13 -1
2 4 7 13 1
8 13 1
7 8 13 -1
9 13 4
2 9 13 -1
4 9 13 -1
2 4 9 13 1
7 9 13 -4
2 7 9 13 1
4 7 9 13 1
2 4 7 9 13 -1
8 9 13 -1
7 8 9 13 1
10 13 1
7 10 13 -1
9 10 13 -1
7 9 10 13 1
11 13 1
7 11 13 -1
9 11 13 -1
7 9 11 13 1
14 -10
2 14 4
3 14 1
2 3 14 -1
4 14 1
2 4 14 -1
5 14 4
2 5 14 -4
3 5 14 -1
2 3 5 14 1
4 5 14 -1
2 4 5 14 1
6 14 1
2 6 14 -1
5 6 14 -1
2 5 6 14 1
7 14 4
2 7 14 -1
5 7 14 -1
2 5 7 14 1
8 14 1
7 8 14 -1
9 14 1
7 9 14 -1
10 14 4
2 10 14 -1
5 10 14 -1
2 5 10 14 1
7 10 14 -4
2 7 10 14 1
5 7 10 14 1
2 5 7 10 14 -1
8 10 14 -1
7 8 10 14 1
9 10 14 -1
7 9 10 14 1
11 14 1
7 11 14 -1
10 11 14 -1
7 10 11 14 1
13 14 4
2 13 14 -1
4 13 14 -1
2 4 13 14 1
5 13 14 -1
2 5 13 14 1
4 5 13 14 1
2 4 5 13 14 -1
7 13 14 -1
9 13 14 -1
7 9 13 14 1
10 13 14 -1
7 10 13 14 1
9 10 13 14 1
7 9 10 13 14 -1
15 -10
2 15 4
3 15 1
2 3 15 -1
4 15 1
2 4 15 -1
5 15 1
2 5 15 -1
6 15 4
2 6 15 -4
3 6 15 -1
2 3 6 15 1
4 6 15 -1
2 4 6 15 1
5 6 15 -1
2 5 6 15 1
7 15 4
2 7 15 -1
6 7 15 -1
2 6 7 15 1
8 15 1
7 8 15 -1
9 15 1
7 9 15 -1
10 15 1
7 10 15 -1
11 15 4
2 11 15 -1
6 11 15 -1
2 6 11 15 1
7 11 15 -4
2 7 11 15 1
6 7 11 15 1
2 6 7 11 15 -1
8 11 15 -1
7 8 11 15 1
9 11 15 -1
7 9 11 15 1
10 11 15 -1
7 10 11 15 1
13 15 4
2 13 15 -1
4 13 15 -1
2 4 13 15 1
6 13 15 -1
2 6 13 15 1
4 6 13 15 1
2 4 6 13 15 -1
7 13 15 -1
9 13 15 -1
7 9 13 15 1
11 13 15 -1
7 11 13 15 1
9 11 13 15 1
7 9 11 13 15 -1
14 15 4
2 14 15 -1
5 14 15 -1
2 5 14 15 1
6 14 15 -1
2 6 14 15 1
5 6 14 15 1
2 5 6 14 15 -1
7 14 15 -1
10 14 15 -1
7 10 14 15 1
11 14 15 -1
7 11 14 15 1
10 11 14 15 1
7 10 11 14 15 -1
13 14 15 -1
16 -10
2 16 1
3 16 4
2 3 16 -1
4 16 4
2 4 16 -1
3 4 16 -4
2 3 4 16 1
5 16 1
3 5 16 -1
4 5 16 -1
3 4 5 16 1
6 16 1
3 6 16 -1
4 6 16 -1
3 4 6 16 1
7 16 1
8 16 4
3 8 16 -1
4 8 16 -1
3 4 8 16 1
7 8 16 -1
9 16 4
3 9 16 -1
4 9 16 -1
3 4 9 16 1
7 9 16 -1
8 9 16 -4
3 8 9 16 1
4 8 9 16 1
3 4 8 9 16 -1
7 8 9 16 1
10 16 1
8 10 16 -1
9 10 16 -1
8 9 10 16 1
11 16 1
8 11 16 -1
9 11 16 -1
8 9 11 16 1
13 16 4
2 13 16 -1
3 13 16 -1
2 3 13 16 1
4 13 16 -1
2 4 13 16 1
3 4 13 16 1
2 3 4 13 16 -1
7 13 16 -1
8 13 16 -1
7 8 13 16 1
9 13 16 -1
7 9 13 16 1
8 9 13 16 1
7 8 9 13 16 -1
14 16 1
13 14 16 -1
15 16 1
13 15 16 -1
17 -10
2 17 1
3 17 4
2 3 17 -1
4 17 1
3 4 17 -1
5 17 4
2 5 17 -1
3 5 17 -4
2 3 5 17 1
4 5 17 -1
3 4 5 17 1
6 17 1
3 6 17 -1
5 6 17 -1
3 5 6 17 1
7 17 1
8 17 4
3 8 17 -1
5 8 17 -1
3 5 8 17 1
7 8 17 -1
9 17 1
8 9 17 -1
10 17 4
3 10 17 -1
5 10 17 -1
3 5 10 17 1
7 10 17 -1
8 10 17 -4
3 8 10 17 1
5 8 10 17 1
3 5 8 10 17 -1
7 8 10 17 1
9 10 17 -1
8 9 10 17 1
11 17 1
8 11 17 -1
10 11 17 -1
8 10 11 17 1
13 17 1
14 17 4
2 14 17 -1
3 14 17 -1
2 3 14 17 1
5 14 17 -1
2 5 14 17 1
3 5 14 17 1
2 3 5 14 17 -1
7 14 17 -1
8 14 17 -1
7 8 14 17 1
10 14 17 -1
7 10 14 17 1
8 10 14 17 1
7 8 10 14 17 -1
13 14 17 -1
15 17 1
14 15 17 -1
16 17 4
3 16 17 -1
4 16 17 -1
3 4 16 17 1
5 16 17 -1
3 5 16 17 1
4 5 16 17 1
3 4 5 16 17 -1
8 16 17 -1
9 16 17 -1
8 9 16 17 1
10 16 17 -1
8 10 16 17 1
9 10 16 17 1
8 9 10 16 17 -1
13 16 17 -1
14 16 17 -1
13 14 16 17 1
18 -10
2 18 1
3 18 4
2 3 18 -1
4 18 1
3 4 18 -1
5 18 1
3 5 18 -1
6 18 4
2 6 18 -1
3 6 18 -4
2 3 6 18 1
4 6 18 -1
3 4 6 18 1
5 6 18 -1
3 5 6 18 1
7 18 1
8 18 4
3 8 18 -1
6 8 18 -1
3 6 8 18 1
7 8 18 -1
9 18 1
8 9 18 -1
10 18 1
8 10 18 -1
11 18 4
3 11 18 -1
6 11 18 -1
3 6 11 18 1
7 11 18 -1
8 11 18 -4
3 8 11 18 1
6 8 11 18 1
3 6 8 11 18 -1
7 8 11 18 1
9 11 18 -1
8 9 11 18 1
10 11 18 -1
8 10 11 18 1
13 18 1
14 18 1
15 18 4
2 15 18 -1
3 15 18 -1
2 3 15 18 1
6 15 18 -1
2 6 15 18 1
3 6 15 18 1
2 3 6 15 18 -1
7 15 18 -1
8 15 18 -1
7 8 15 18 1
11 15 18 -1
7 11 15 18 1
8 11 15 18 1
7 8 11 15 18 -1
13 15 18 -1
14 15 18 -1
16 18 4
3 16 18 -1
4 16 18 -1
3 4 16 18 1
6 16 18 -1
3 6 16 18 1
4 6 16 18 1
3 4 6 16 18 -1
8 16 18 -1
9 16 18 -1
8 9 16 18 1
11 16 18 -1
8 11 16 18 1
9 11 16 18 1
8 9 11 16 18 -1
13 16 18 -1
15 16 18 -1
13 15 16 18 1
17 18 4
3 17 18 -1
5 17 18 -1
3 5 17 18 1
6 17 18 -1
3 6 17 18 1
5 6 17 18 1
3 5 6 17 18 -1
8 17 18 -1
10 17 18 -1
8 10 17 18 1
11 17 18 -1
8 11 17 18 1
10 11 17 18 1
8 10 11 17 18 -1
14 17 18 -1
15 17 18 -1
14 15 17 18 1
16 17 18 -1
20 -10
2 20 1
3 20 1
4 20 4
2 4 20 -1
3 4 20 -1
5 20 1
4 5 20 -1
6 20 4
2 6 20 -1
3 6 20 -1
4 6 20 -4
2 4 6 20 1
3 4 6 20 1
5 6 20 -1
4 5 6 20 1
7 20 1
8 20 1
9 20 4
4 9 20 -1
6 9 20 -1
4 6 9 20 1
7 9 20 -1
8 9 20 -1
10 20 1
9 10 20 -1
11 20 4
4 11 20 -1
6 11 20 -1
4 6 11 20 1
7 11 20 -1
8 11 20 -1
9 11 20 -4
4 9 11 20 1
6 9 11 20 1
4 6 9 11 20 -1
7 9 11 20 1
8 9 11 20 1
10 11 20 -1
9 10 11 20 1
13 20 4
2 13 20 -1
4 13 20 -1
2 4 13 20 1
6 13 20 -1
2 6 13 20 1
4 6 13 20 1
2 4 6 13 20 -1
7 13 20 -1
9 13 20 -1
7 9 13 20 1
11 13 20 -1
7 11 13 20 1
9 11 13 20 1
7 9 11 13 20 -1
14 20 1
13 14 20 -1
15 20 4
2 15 20 -1
4 15 20 -1
2 4 15 20 1
6 15 20 -1
2 6 15 20 1
4 6 15 20 1
2 4 6 15 20 -1
7 15 20 -1
9 15 20 -1
7 9 15 20 1
11 15 20 -1
7 11 15 20 1
9 11 15 20 1
7 9 11 15 20 -1
13 15 20 -4
2 13 15 20 1
4 13 15 20 1
2 4 13 15 20 -1
6 13 15 20 1
2 6 13 15 20 -1
4 6 13 15 20 -1
2 4 6 13 15 20 1
7 13 15 20 1
9 13 15 20 1
7 9 13 15 20 -1
11 13 15 20 1
7 11 13 15 20 -1
9 11 13 15 20 -1
7 9 11 13 15 20 1
14 15 20 -1
13 14 15 20 1
16 20 4
3 16 20 -1
4 16 20 -1
3 4 16 20 1
6 16 20 -1
3 6 16 20 1
4 6 16 20 1
3 4 6 16 20 -1
8 16 20 -1
9 16 20 -1
8 9 16 20 1
11 16 20 -1
8 11 16 20 1
9 11 16 20 1
8 9 11 16 20 -1
13 16 20 -1
15 16 20 -1
13 15 16 20 1
17 20 1
16 17 20 -1
18 20 4
3 18 20 -1
4 18 20 -1
3 4 18 20 1
6 18 20 -1
3 6 18 20 1
4 6 18 20 1
3 4 6 18 20 -1
8 18 20 -1
9 18 20 -1
8 9 18 20 1
11 18 20 -1
8 11 18 20 1
9 11 18 20 1
8 9 11 18 20 -1
13 18 20 -1
15 18 20 -1
13 15 18 20 1
16 18 20 -4
3 16 18 20 1
4 16 18 20 1
3 4 16 18 20 -1
6 16 18 20 1
3 6 16 18 20 -1
4 6 16 18 20 -1
3 4 6 16 18 20 1
8 16 18 20 1
9 16 18 20 1
8 9 16 18 20 -1
11 16 18 20 1
8 11 16 18 20 -1
9 11 16 18 20 -1
8 9 11 16 18 20 1
13 16 18 20 1
15 16 18 20 1
13 15 16 18 20 -1
17 18 20 -1
16 17 18 20 1
21 -10
2 21 1
3 21 1
4 21 1
5 21 4
2 5 21 -1
3 5 21 -1
4 5 21 -1
6 21 4
2 6 21 -1
3 6 21 -1
4 6 21 -1
5 6 21 -4
2 5 6 21 1
3 5 6 21 1
4 5 6 21 1
7 21 1
8 21 1
9 21 1
10 21 4
5 10 21 -1
6 10 21 -1
5 6 10 21 1
7 10 21 -1
8 10 21 -1
9 10 21 -1
11 21 4
5 11 21 -1
6 11 21 -1
5 6 11 21 1
7 11 21 -1
8 11 21 -1
9 11 21 -1
10 11 21 -4
5 10 11 21 1
6 10 11 21 1
5 6 10 11 21 -1
7 10 11 21 1
8 10 11 21 1
9 10 11 21 1
13 21 1
14 21 4
2 14 21 -1
5 14 21 -1
2 5 14 21 1
6 14 21 -1
2 6 14 21 1
5 6 14 21 1
2 5 6 14 21 -1
7 14 21 -1
10 14 21 -1
7 10 14 21 1
11 14 21 -1
7 11 14 21 1
10 11 14 21 1
7 10 11 14 21 -1
13 14 21 -1
15 21 4
2 15 21 -1
5 15 21 -1
2 5 15 21 1
6 15 21 -1
2 6 15 21 1
5 6 15 21 1
2 5 6 15 21 -1
7 15 21 -1
10 15 21 -1
7 10 15 21 1
11 15 21 -1
7 11 15 21 1
10 11 15 21 1
7 10 11 15 21 -1
13 15 21 -1
14 15 21 -4
2 14 15 21 1
5 14 15 21 1
2 5 14 15 21 -1
6 14 15 21 1
2 6 14 15 21 -1
5 6 14 15 21 -1
2 5 6 14 15 21 1
7 14 15 21 1
10 14 15 21 1
7 10 14 15 21 -1
11 14 15 21 1
7 11 14 15 21 -1
10 11 14 15 21 -1
7 10 11 14 15 21 1
13 14 15 21 1
16 21 1
17 21 4
3 17 21 -1
5 17 21 -1
3 5 17 21 1
6 17 21 -1
3 6 17 21 1
5 6 17 21 1
3 5 6 17 21 -1
8 17 21 -1
10 17 21 -1
8 10 17 21 1
11 17 21 -1
8 11 17 21 1
10 11 17 21 1
8 10 11 17 21 -1
14 17 21 -1
15 17 21 -1
14 15 17 21 1
16 17 21 -1
18 21 4
3 18 21 -1
5 18 21 -1
3 5 18 21 1
6 18 21 -1
3 6 18 21 1
5 6 18 21 1
3 5 6 18 21 -1
8 18 21 -1
10 18 21 -1
8 10 18 21 1
11 18 21 -1
8 11 18 21 1
10 11 18 21 1
8 10 11 18 21 -1
14 18 21 -1
15 18 21 -1
14 15 18 21 1
16 18 21 -1
17 18 21 -4
3 17 18 21 1
5 17 18 21 1
3 5 17 18 21 -1
6 17 18 21 1
3 6 17 18 21 -1
5 6 17 18 21 -1
3 5 6 17 18 21 1
8 17 18 21 1
10 17 18 21 1
8 10 17 18 21 -1
11 17 18 21 1
8 11 17 18 21 -1
10 11 17 18 21 -1
8 10 11 17 18 21 1
14 17 18 21 1
15 17 18 21 1
14 15 17 18 21 -1
16 17 18 21 1
20 21 4
4 20 21 -1
5 20 21 -1
4 5 20 21 1
6 20 21 -1
4 6 20 21 1
5 6 20 21 1
4 5 6 20 21 -1
9 20 21 -1
10 20 21 -1
9 10 20 21 1
11 20 21 -1
9 11 20 21 1
10 11 20 21 1
9 10 11 20 21 -1
13 20 21 -1
14 20 21 -1
13 14 20 21 1
15 20 21 -1
13 15 20 21 1
14 15 20 21 1
13 14 15 20 21 -1
16 20 21 -1
17 20 21 -1
16 17 20 21 1
18 20 21 -1
16 18 20 21 1
17 18 20 21 1
16 17 18 20 21 -1
#
13
2 -7
3 -7
2 3 4
4 -3
2 4 2
3 4 2
2 3 4 -1
5 -3
2 5 2
3 5 2
2 3 5 -1
6 -3
2 6 2
3 6 2
2 3 6 -1
7 -7
2 7 4
3 7 1
2 3 7 -1
4 7 1
2 4 7 -1
5 7 1
2 5 7 -1
6 7 1
2 6 7 -1
8 -7
2 8 1
3 8 4
2 3 8 -1
4 8 1
3 4 8 -1
5 8 1
3 5 8 -1
6 8 1
3 6 8 -1
7 8 4
2 7 8 -1
3 7 8 -1
2 3 7 8 1
9 -3
2 9 1
3 9 1
4 9 2
2 4 9 -1
3 4 9 -1
7 9 2
2 7 9 -1
4 7 9 -1
2 4 7 9 1
8 9 2
3 8 9 -1
4 8 9 -1
3 4 8 9 1
7 8 9 -1
10 -3
2 10 1
3 10 1
5 10 2
2 5 10 -1
3 5 10 -1
7 10 2
2 7 10 -1
5 7 10 -1
2 5 7 10 1
8 10 2
3 8 10 -1
5 8 10 -1
3 5 8 10 1
7 8 10 -1
11 -3
2 11 1
3 11 1
6 11 2
2 6 11 -1
3 6 11 -1
7 11 2
2 7 11 -1
6 7 11 -1
2 6 7 11 1
8 11 2
3 8 11 -1
6 8 11 -1
3 6 8 11 1
7 8 11 -1
13 -3
2 13 2
3 13 1
2 3 13 -1
4 13 2
2 4 13 -2
3 4 13 -1
2 3 4 13 1
7 13 2
2 7 13 -1
4 7 13 -1
2 4 7 13 1
8 13 1
7 8 13 -1
9 13 2
2 9 13 -1
4 9 13 -1
2 4 9 13 1
7 9 13 -2
2 7 9 13 1
4 7 9 13 1
2 4 7 9 13 -1
8 9 13 -1
7 8 9 13 1
14 -3
2 14 2
3 14 1
2 3 14 -1
5 14 2
2 5 14 -2
3 5 14 -1
2 3 5 14 1
7 14 2
2 7 14 -1
5 7 14 -1
2 5 7 14 1
8 14 1
7 8 14 -1
10 14 2
2 10 14 -1
5 10 14 -1
2 5 10 14 1
7 10 14 -2
2 7 10 14 1
5 7 10 14 1
2 5 7 10 14 -1
8 10 14 -1
7 8 10 14 1
15 -3
2 15 2
3 15 1
2 3 15 -1
6 15 2
2 6 15 -2
3 6 15 -1
2 3 6 15 1
7 15 2
2 7 15 -1
6 7 15 -1
2 6 7 15 1
8 15 1
7 8 15 -1
11 15 2
2 11 15 -1
6 11 15 -1
2 6 11 15 1
7 11 15 -2
2 7 11 15 1
6 7 11 15 1
2 6 7 11 15 -1
8 11 15 -1
7 8 11 15 1
2 4 5 6 13 14 15 1
7 9 10 11 13 14 15 1
16 -3
2 16 1
3 16 2
2 3 16 -1
4 16 2
2 4 16 -1
3 4 16 -2
2 3 4 16 1
7 16 1
8 16 2
3 8 16 -1
4 8 16 -1
3 4 8 16 1
7 8 16 -1
9 16 2
3 9 16 -1
4 9 16 -1
3 4 9 16 1
7 9 16 -1
8 9 16 -2
3 8 9 16 1
4 8 9 16 1
3 4 8 9 16 -1
7 8 9 16 1
13 16 2
2 13 16 -1
3 13 16 -1
2 3 13 16 1
4 13 16 -1
2 4 13 16 1
3 4 13 16 1
2 3 4 13 16 -1
7 13 16 -1
8 13 16 -1
7 8 13 16 1
9 13 16 -1
7 9 13 16 1
8 9 13 16 1
7 8 9 13 16 -1
17 -3
2 17 1
3 17 2
2 3 17 -1
5 17 2
2 5 17 -1
3 5 17 -2
2 3 5 17 1
7 17 1
8 17 2
3 8 17 -1
5 8 17 -1
3 5 8 17 1
7 8 17 -1
10 17 2
3 10 17 -1
5 10 17 -1
3 5 10 17 1
7 10 17 -1
8 10 17 -2
3 8 10 17 1
5 8 10 17 1
3 5 8 10 17 -1
7 8 10 17 1
14 17 2
2 14 17 -1
3 14 17 -1
2 3 14 17 1
5 14 17 -1
2 5 14 17 1
3 5 14 17 1
2 3 5 14 17 -1
7 14 17 -1
8 14 17 -1
7 8 14 17 1
10 14 17 -1
7 10 14 17 1
8 10 14 17 1
7 8 10 14 17 -1
18 -3
2 18 1
3 18 2
2 3 18 -1
6 18 2
2 6 18 -1
3 6 18 -2
2 3 6 18 1
7 18 1
8 18 2
3 8 18 -1
6 8 18 -1
3 6 8 18 1
7 8 18 -1
11 18 2
3 11 18 -1
6 11 18 -1
3 6 11 18 1
7 11 18 -1
8 11 18 -2
3 8 11 18 1
6 8 11 18 1
3 6 8 11 18 -1
7 8 11 18 1
15 18 2
2 15 18 -1
3 15 18 -1
2 3 15 18 1
6 15 18 -1
2 6 15 18 1
3 6 15 18 1
2 3 6 15 18 -1
7 15 18 -1
8 15 18 -1
7 8 15 18 1
11 15 18 -1
7 11 15 18 1
8 11 15 18 1
7 8 11 15 18 -1
3 4 5 6 16 17 18 1
8 9 10 11 16 17 18 1
#
