156
2 -9
3 -9
2 3 1
4 -9
2 4 1
3 4 1
5 -9
2 5 1
3 5 1
4 5 1
6 -9
2 6 1
3 6 1
4 6 1
5 6 1
7 -9
2 7 1
3 7 1
4 7 1
5 7 1
6 7 1
8 -8
2 8 1
3 8 1
4 8 1
5 8 1
6 8 1
7 8 1
9 -8
2 9 1
3 9 1
4 9 1
5 9 1
6 9 1
7 9 1
10 -9
2 10 1
3 10 1
4 10 1
5 10 1
6 10 1
7 10 1
8 10 1
9 10 1
11 -9
2 11 1
12 -9
3 12 1
11 12 1
13 -9
4 13 1
11 13 1
12 13 1
14 -9
5 14 1
11 14 1
12 14 1
13 14 1
15 -9
6 15 1
11 15 1
12 15 1
13 15 1
14 15 1
16 -9
7 16 1
11 16 1
12 16 1
13 16 1
14 16 1
15 16 1
17 -8
8 17 1
11 17 1
12 17 1
13 17 1
14 17 1
15 17 1
16 17 1
18 -8
9 18 1
11 18 1
12 18 1
13 18 1
14 18 1
15 18 1
16 18 1
19 -9
10 19 1
11 19 1
12 19 1
13 19 1
14 19 1
15 19 1
16 19 1
17 19 1
18 19 1
21 -9
2 21 1
4 21 1
2 4 21 -1
11 21 1
13 21 1
11 13 21 -1
22 -9
2 22 1
5 22 1
2 5 22 -1
11 22 1
14 22 1
11 14 22 -1
21 22 1
23 -9
2 23 1
6 23 1
2 6 23 -1
11 23 1
15 23 1
11 15 23 -1
21 23 1
22 23 1
24 -9
2 24 1
7 24 1
2 7 24 -1
11 24 1
16 24 1
11 16 24 -1
21 24 1
22 24 1
23 24 1
25 -8
2 25 1
8 25 1
2 8 25 -1
11 25 1
17 25 1
11 17 25 -1
21 25 1
22 25 1
23 25 1
24 25 1
26 -8
2 26 1
9 26 1
2 9 26 -1
11 26 1
18 26 1
11 18 26 -1
21 26 1
22 26 1
23 26 1
24 26 1
27 -9
2 27 1
10 27 1
2 10 27 -1
11 27 1
19 27 1
11 19 27 -1
21 27 1
22 27 1
23 27 1
24 27 1
25 27 1
26 27 1
28 -9
3 28 1
4 28 1
3 4 28 -1
12 28 1
13 28 1
12 13 28 -1
21 28 1
29 -9
3 29 1
5 29 1
3 5 29 -1
12 29 1
14 29 1
12 14 29 -1
22 29 1
28 29 1
30 -9
3 30 1
6 30 1
3 6 30 -1
12 30 1
15 30 1
12 15 30 -1
23 30 1
28 30 1
29 30 1
31 -9
3 31 1
7 31 1
3 7 31 -1
12 31 1
16 31 1
12 16 31 -1
24 31 1
28 31 1
29 31 1
30 31 1
32 -8
3 32 1
8 32 1
3 8 32 -1
12 32 1
17 32 1
12 17 32 -1
25 32 1
28 32 1
29 32 1
30 32 1
31 32 1
33 -8
3 33 1
9 33 1
3 9 33 -1
12 33 1
18 33 1
12 18 33 -1
26 33 1
28 33 1
29 33 1
30 33 1
31 33 1
34 -9
3 34 1
10 34 1
3 10 34 -1
12 34 1
19 34 1
12 19 34 -1
27 34 1
28 34 1
29 34 1
30 34 1
31 34 1
32 34 1
33 34 1
36 -9
4 36 1
6 36 1
4 6 36 -1
13 36 1
15 36 1
13 15 36 -1
21 36 1
23 36 1
21 23 36 -1
28 36 1
30 36 1
28 30 36 -1
37 -9
4 37 1
7 37 1
4 7 37 -1
13 37 1
16 37 1
13 16 37 -1
21 37 1
24 37 1
21 24 37 -1
28 37 1
31 37 1
28 31 37 -1
36 37 1
38 -8
4 38 1
8 38 1
4 8 38 -1
13 38 1
17 38 1
13 17 38 -1
21 38 1
25 38 1
21 25 38 -1
28 38 1
32 38 1
28 32 38 -1
36 38 1
37 38 1
39 -8
4 39 1
9 39 1
4 9 39 -1
13 39 1
18 39 1
13 18 39 -1
21 39 1
26 39 1
21 26 39 -1
28 39 1
33 39 1
28 33 39 -1
36 39 1
37 39 1
40 -9
4 40 1
10 40 1
4 10 40 -1
13 40 1
19 40 1
13 19 40 -1
21 40 1
27 40 1
21 27 40 -1
28 40 1
34 40 1
28 34 40 -1
36 40 1
37 40 1
38 40 1
39 40 1
41 -9
5 41 1
6 41 1
5 6 41 -1
14 41 1
15 41 1
14 15 41 -1
22 41 1
23 41 1
22 23 41 -1
29 41 1
30 41 1
29 30 41 -1
36 41 1
42 -9
5 42 1
7 42 1
5 7 42 -1
14 42 1
16 42 1
14 16 42 -1
22 42 1
24 42 1
22 24 42 -1
29 42 1
31 42 1
29 31 42 -1
37 42 1
41 42 1
43 -8
5 43 1
8 43 1
5 8 43 -1
14 43 1
17 43 1
14 17 43 -1
22 43 1
25 43 1
22 25 43 -1
29 43 1
32 43 1
29 32 43 -1
38 43 1
41 43 1
42 43 1
44 -8
5 44 1
9 44 1
5 9 44 -1
14 44 1
18 44 1
14 18 44 -1
22 44 1
26 44 1
22 26 44 -1
29 44 1
33 44 1
29 33 44 -1
39 44 1
41 44 1
42 44 1
45 -9
5 45 1
10 45 1
5 10 45 -1
14 45 1
19 45 1
14 19 45 -1
22 45 1
27 45 1
22 27 45 -1
29 45 1
34 45 1
29 34 45 -1
40 45 1
41 45 1
42 45 1
43 45 1
44 45 1
47 -8
6 47 1
8 47 1
6 8 47 -1
15 47 1
17 47 1
15 17 47 -1
23 47 1
25 47 1
23 25 47 -1
30 47 1
32 47 1
30 32 47 -1
36 47 1
38 47 1
36 38 47 -1
41 47 1
43 47 1
41 43 47 -1
48 -8
6 48 1
9 48 1
6 9 48 -1
15 48 1
18 48 1
15 18 48 -1
23 48 1
26 48 1
23 26 48 -1
30 48 1
33 48 1
30 33 48 -1
36 48 1
39 48 1
36 39 48 -1
41 48 1
44 48 1
41 44 48 -1
49 -9
6 49 1
10 49 1
6 10 49 -1
15 49 1
19 49 1
15 19 49 -1
23 49 1
27 49 1
23 27 49 -1
30 49 1
34 49 1
30 34 49 -1
36 49 1
40 49 1
36 40 49 -1
41 49 1
45 49 1
41 45 49 -1
47 49 1
48 49 1
50 -8
7 50 1
8 50 1
7 8 50 -1
16 50 1
17 50 1
16 17 50 -1
24 50 1
25 50 1
24 25 50 -1
31 50 1
32 50 1
31 32 50 -1
37 50 1
38 50 1
37 38 50 -1
42 50 1
43 50 1
42 43 50 -1
47 50 1
51 -8
7 51 1
9 51 1
7 9 51 -1
16 51 1
18 51 1
16 18 51 -1
24 51 1
26 51 1
24 26 51 -1
31 51 1
33 51 1
31 33 51 -1
37 51 1
39 51 1
37 39 51 -1
42 51 1
44 51 1
42 44 51 -1
48 51 1
52 -9
7 52 1
10 52 1
7 10 52 -1
16 52 1
19 52 1
16 19 52 -1
24 52 1
27 52 1
24 27 52 -1
31 52 1
34 52 1
31 34 52 -1
37 52 1
40 52 1
37 40 52 -1
42 52 1
45 52 1
42 45 52 -1
49 52 1
50 52 1
51 52 1
54 -8
8 54 1
10 54 1
8 10 54 -1
17 54 1
19 54 1
17 19 54 -1
25 54 1
27 54 1
25 27 54 -1
32 54 1
34 54 1
32 34 54 -1
38 54 1
40 54 1
38 40 54 -1
43 54 1
45 54 1
43 45 54 -1
47 54 1
49 54 1
47 49 54 -1
50 54 1
52 54 1
50 52 54 -1
55 -8
9 55 1
10 55 1
9 10 55 -1
18 55 1
19 55 1
18 19 55 -1
26 55 1
27 55 1
26 27 55 -1
33 55 1
34 55 1
33 34 55 -1
39 55 1
40 55 1
39 40 55 -1
44 55 1
45 55 1
44 45 55 -1
48 55 1
49 55 1
48 49 55 -1
51 55 1
52 55 1
51 52 55 -1
#
95
2 -9
3 -9
2 3 1
4 -9
2 4 1
3 4 1
5 -9
2 5 1
3 5 1
4 5 1
6 -5
2 6 1
3 6 1
4 6 1
5 6 1
7 -5
2 7 1
3 7 1
4 7 1
5 7 1
8 -5
2 8 1
3 8 1
4 8 1
5 8 1
9 -5
2 9 1
3 9 1
4 9 1
5 9 1
10 -5
2 10 1
3 10 1
4 10 1
5 10 1
11 -9
2 11 1
12 -9
3 12 1
11 12 1
13 -9
4 13 1
11 13 1
12 13 1
14 -9
5 14 1
11 14 1
12 14 1
13 14 1
15 -5
6 15 1
11 15 1
12 15 1
13 15 1
14 15 1
16 -5
7 16 1
11 16 1
12 16 1
13 16 1
14 16 1
17 -5
8 17 1
11 17 1
12 17 1
13 17 1
14 17 1
18 -5
9 18 1
11 18 1
12 18 1
13 18 1
14 18 1
19 -5
10 19 1
11 19 1
12 19 1
13 19 1
14 19 1
21 -9
2 21 1
4 21 1
2 4 21 -1
11 21 1
13 21 1
11 13 21 -1
22 -9
2 22 1
5 22 1
2 5 22 -1
11 22 1
14 22 1
11 14 22 -1
21 22 1
23 -5
2 23 1
6 23 1
2 6 23 -1
11 23 1
15 23 1
11 15 23 -1
21 23 1
22 23 1
24 -5
2 24 1
7 24 1
2 7 24 -1
11 24 1
16 24 1
11 16 24 -1
21 24 1
22 24 1
25 -5
2 25 1
8 25 1
2 8 25 -1
11 25 1
17 25 1
11 17 25 -1
21 25 1
22 25 1
26 -5
2 26 1
9 26 1
2 9 26 -1
11 26 1
18 26 1
11 18 26 -1
21 26 1
22 26 1
27 -5
2 27 1
10 27 1
2 10 27 -1
11 27 1
19 27 1
11 19 27 -1
21 27 1
22 27 1
28 -9
3 28 1
4 28 1
3 4 28 -1
12 28 1
13 28 1
12 13 28 -1
21 28 1
29 -9
3 29 1
5 29 1
3 5 29 -1
12 29 1
14 29 1
12 14 29 -1
22 29 1
28 29 1
30 -5
3 30 1
6 30 1
3 6 30 -1
12 30 1
15 30 1
12 15 30 -1
23 30 1
28 30 1
29 30 1
31 -5
3 31 1
7 31 1
3 7 31 -1
12 31 1
16 31 1
12 16 31 -1
24 31 1
28 31 1
29 31 1
32 -5
3 32 1
8 32 1
3 8 32 -1
12 32 1
17 32 1
12 17 32 -1
25 32 1
28 32 1
29 32 1
33 -5
3 33 1
9 33 1
3 9 33 -1
12 33 1
18 33 1
12 18 33 -1
26 33 1
28 33 1
29 33 1
34 -5
3 34 1
10 34 1
3 10 34 -1
12 34 1
19 34 1
12 19 34 -1
27 34 1
28 34 1
29 34 1
36 -5
4 36 1
6 36 1
4 6 36 -1
13 36 1
15 36 1
13 15 36 -1
21 36 1
23 36 1
21 23 36 -1
28 36 1
30 36 1
28 30 36 -1
37 -5
4 37 1
7 37 1
4 7 37 -1
13 37 1
16 37 1
13 16 37 -1
21 37 1
24 37 1
21 24 37 -1
28 37 1
31 37 1
28 31 37 -1
38 -5
4 38 1
8 38 1
4 8 38 -1
13 38 1
17 38 1
13 17 38 -1
21 38 1
25 38 1
21 25 38 -1
28 38 1
32 38 1
28 32 38 -1
39 -5
4 39 1
9 39 1
4 9 39 -1
13 39 1
18 39 1
13 18 39 -1
21 39 1
26 39 1
21 26 39 -1
28 39 1
33 39 1
28 33 39 -1
40 -5
4 40 1
10 40 1
4 10 40 -1
13 40 1
19 40 1
13 19 40 -1
21 40 1
27 40 1
21 27 40 -1
28 40 1
34 40 1
28 34 40 -1
2 4 6 7 8 9 10 21 23 24 25 26 27 36 37 38 39 40 1
11 13 15 16 17 18 19 21 23 24 25 26 27 36 37 38 39 40 1
3 4 6 7 8 9 10 28 30 31 32 33 34 36 37 38 39 40 1
12 13 15 16 17 18 19 28 30 31 32 33 34 36 37 38 39 40 1
41 -5
5 41 1
6 41 1
5 6 41 -1
14 41 1
15 41 1
14 15 41 -1
22 41 1
23 41 1
22 23 41 -1
29 41 1
30 41 1
29 30 41 -1
36 41 1
42 -5
5 42 1
7 42 1
5 7 42 -1
14 42 1
16 42 1
14 16 42 -1
22 42 1
24 42 1
22 24 42 -1
29 42 1
31 42 1
29 31 42 -1
37 42 1
43 -5
5 43 1
8 43 1
5 8 43 -1
14 43 1
17 43 1
14 17 43 -1
22 43 1
25 43 1
22 25 43 -1
29 43 1
32 43 1
29 32 43 -1
38 43 1
44 -5
5 44 1
9 44 1
5 9 44 -1
14 44 1
18 44 1
14 18 44 -1
22 44 1
26 44 1
22 26 44 -1
29 44 1
33 44 1
29 33 44 -1
39 44 1
45 -5
5 45 1
10 45 1
5 10 45 -1
14 45 1
19 45 1
14 19 45 -1
22 45 1
27 45 1
22 27 45 -1
29 45 1
34 45 1
29 34 45 -1
40 45 1
2 5 6 7 8 9 10 22 23 24 25 26 27 41 42 43 44 45 1
11 14 15 16 17 18 19 22 23 24 25 26 27 41 42 43 44 45 1
3 5 6 7 8 9 10 29 30 31 32 33 34 41 42 43 44 45 1
12 14 15 16 17 18 19 29 30 31 32 33 34 41 42 43 44 45 1
#
46
2 -9
3 -9
2 3 1
4 -3
2 4 1
3 4 1
5 -3
2 5 1
3 5 1
6 -3
2 6 1
3 6 1
7 -3
2 7 1
3 7 1
8 -3
2 8 1
3 8 1
9 -3
2 9 1
3 9 1
10 -3
2 10 1
3 10 1
4 5 6 7 8 9 10 1
11 -9
2 11 1
12 -9
3 12 1
11 12 1
13 -3
4 13 1
11 13 1
12 13 1
14 -3
5 14 1
11 14 1
12 14 1
15 -3
6 15 1
11 15 1
12 15 1
16 -3
7 16 1
11 16 1
12 16 1
17 -3
8 17 1
11 17 1
12 17 1
18 -3
9 18 1
11 18 1
12 18 1
19 -3
10 19 1
11 19 1
12 19 1
13 14 15 16 17 18 19 1
21 -3
2 21 1
4 21 1
2 4 21 -1
11 21 1
13 21 1
11 13 21 -1
22 -3
2 22 1
5 22 1
2 5 22 -1
11 22 1
14 22 1
11 14 22 -1
23 -3
2 23 1
6 23 1
2 6 23 -1
11 23 1
15 23 1
11 15 23 -1
24 -3
2 24 1
7 24 1
2 7 24 -1
11 24 1
16 24 1
11 16 24 -1
25 -3
2 25 1
8 25 1
2 8 25 -1
11 25 1
17 25 1
11 17 25 -1
26 -3
2 26 1
9 26 1
2 9 26 -1
11 26 1
18 26 1
11 18 26 -1
2 4 5 6 7 8 9 21 22 23 24 25 26 1
11 13 14 15 16 17 18 21 22 23 24 25 26 1
27 -3
2 27 1
10 27 1
2 10 27 -1
11 27 1
19 27 1
11 19 27 -1
2 4 5 6 7 8 10 21 22 23 24 25 27 1
11 13 14 15 16 17 19 21 22 23 24 25 27 1
2 4 5 6 7 9 10 21 22 23 24 26 27 1
11 13 14 15 16 18 19 21 22 23 24 26 27 1
2 4 5 6 8 9 10 21 22 23 25 26 27 1
11 13 14 15 17 18 19 21 22 23 25 26 27 1
2 4 5 7 8 9 10 21 22 24 25 26 27 1
11 13 14 16 17 18 19 21 22 24 25 26 27 1
2 4 6 7 8 9 10 21 23 24 25 26 27 1
11 13 15 16 17 18 19 21 23 24 25 26 27 1
2 5 6 7 8 9 10 22 23 24 25 26 27 1
11 14 15 16 17 18 19 22 23 24 25 26 27 1
21 22 23 24 25 26 27 1
28 -3
3 28 1
4 28 1
3 4 28 -1
12 28 1
13 28 1
12 13 28 -1
21 28 1
29 -3
3 29 1
5 29 1
3 5 29 -1
12 29 1
14 29 1
12 14 29 -1
22 29 1
30 -3
3 30 1
6 30 1
3 6 30 -1
12 30 1
15 30 1
12 15 30 -1
23 30 1
31 -3
3 31 1
7 31 1
3 7 31 -1
12 31 1
16 31 1
12 16 31 -1
24 31 1
32 -3
3 32 1
8 32 1
3 8 32 -1
12 32 1
17 32 1
12 17 32 -1
25 32 1
33 -3
3 33 1
9 33 1
3 9 33 -1
12 33 1
18 33 1
12 18 33 -1
26 33 1
3 4 5 6 7 8 9 28 29 30 31 32 33 1
12 13 14 15 16 17 18 28 29 30 31 32 33 1
34 -3
3 34 1
10 34 1
3 10 34 -1
12 34 1
19 34 1
12 19 34 -1
27 34 1
3 4 5 6 7 8 10 28 29 30 31 32 34 1
12 13 14 15 16 17 19 28 29 30 31 32 34 1
3 4 5 6 7 9 10 28 29 30 31 33 34 1
12 13 14 15 16 18 19 28 29 30 31 33 34 1
3 4 5 6 8 9 10 28 29 30 32 33 34 1
12 13 14 15 17 18 19 28 29 30 32 33 34 1
3 4 5 7 8 9 10 28 29 31 32 33 34 1
12 13 14 16 17 18 19 28 29 31 32 33 34 1
3 4 6 7 8 9 10 28 30 31 32 33 34 1
12 13 15 16 17 18 19 28 30 31 32 33 34 1
3 5 6 7 8 9 10 29 30 31 32 33 34 1
12 14 15 16 17 18 19 29 30 31 32 33 34 1
28 29 30 31 32 33 34 1
#
