364
2 -12
3 -12
2 3 1
4 -12
2 4 1
3 4 1
5 -12
2 5 1
3 5 1
4 5 1
6 -12
2 6 1
3 6 1
4 6 1
5 6 1
7 -12
2 7 1
3 7 1
4 7 1
5 7 1
6 7 1
8 -12
2 8 1
3 8 1
4 8 1
5 8 1
6 8 1
7 8 1
9 -12
2 9 1
3 9 1
4 9 1
5 9 1
6 9 1
7 9 1
8 9 1
10 -12
2 10 1
3 10 1
4 10 1
5 10 1
6 10 1
7 10 1
8 10 1
9 10 1
11 -12
2 11 1
3 11 1
4 11 1
5 11 1
6 11 1
7 11 1
8 11 1
9 11 1
10 11 1
12 -12
2 12 1
3 12 1
4 12 1
5 12 1
6 12 1
7 12 1
8 12 1
9 12 1
10 12 1
11 12 1
13 -12
2 13 1
3 13 1
4 13 1
5 13 1
6 13 1
7 13 1
8 13 1
9 13 1
10 13 1
11 13 1
12 13 1
14 -12
2 14 1
15 -12
3 15 1
14 15 1
16 -12
4 16 1
14 16 1
15 16 1
17 -12
5 17 1
14 17 1
15 17 1
16 17 1
18 -12
6 18 1
14 18 1
15 18 1
16 18 1
17 18 1
19 -12
7 19 1
14 19 1
15 19 1
16 19 1
17 19 1
18 19 1
20 -12
8 20 1
14 20 1
15 20 1
16 20 1
17 20 1
18 20 1
19 20 1
21 -12
9 21 1
14 21 1
15 21 1
16 21 1
17 21 1
18 21 1
19 21 1
20 21 1
22 -12
10 22 1
14 22 1
15 22 1
16 22 1
17 22 1
18 22 1
19 22 1
20 22 1
21 22 1
23 -12
11 23 1
14 23 1
15 23 1
16 23 1
17 23 1
18 23 1
19 23 1
20 23 1
21 23 1
22 23 1
24 -12
12 24 1
14 24 1
15 24 1
16 24 1
17 24 1
18 24 1
19 24 1
20 24 1
21 24 1
22 24 1
23 24 1
25 -12
13 25 1
14 25 1
15 25 1
16 25 1
17 25 1
18 25 1
19 25 1
20 25 1
21 25 1
22 25 1
23 25 1
24 25 1
27 -12
2 27 1
4 27 1
2 4 27 -1
14 27 1
16 27 1
14 16 27 -1
28 -12
2 28 1
5 28 1
2 5 28 -1
14 28 1
17 28 1
14 17 28 -1
27 28 1
29 -12
2 29 1
6 29 1
2 6 29 -1
14 29 1
18 29 1
14 18 29 -1
27 29 1
28 29 1
30 -12
2 30 1
7 30 1
2 7 30 -1
14 30 1
19 30 1
14 19 30 -1
27 30 1
28 30 1
29 30 1
31 -12
2 31 1
8 31 1
2 8 31 -1
14 31 1
20 31 1
14 20 31 -1
27 31 1
28 31 1
29 31 1
30 31 1
32 -12
2 32 1
9 32 1
2 9 32 -1
14 32 1
21 32 1
14 21 32 -1
27 32 1
28 32 1
29 32 1
30 32 1
31 32 1
33 -12
2 33 1
10 33 1
2 10 33 -1
14 33 1
22 33 1
14 22 33 -1
27 33 1
28 33 1
29 33 1
30 33 1
31 33 1
32 33 1
34 -12
2 34 1
11 34 1
2 11 34 -1
14 34 1
23 34 1
14 23 34 -1
27 34 1
28 34 1
29 34 1
30 34 1
31 34 1
32 34 1
33 34 1
35 -12
2 35 1
12 35 1
2 12 35 -1
14 35 1
24 35 1
14 24 35 -1
27 35 1
28 35 1
29 35 1
30 35 1
31 35 1
32 35 1
33 35 1
34 35 1
36 -12
2 36 1
13 36 1
2 13 36 -1
14 36 1
25 36 1
14 25 36 -1
27 36 1
28 36 1
29 36 1
30 36 1
31 36 1
32 36 1
33 36 1
34 36 1
35 36 1
37 -12
3 37 1
4 37 1
3 4 37 -1
15 37 1
16 37 1
15 16 37 -1
27 37 1
38 -12
3 38 1
5 38 1
3 5 38 -1
15 38 1
17 38 1
15 17 38 -1
28 38 1
37 38 1
39 -12
3 39 1
6 39 1
3 6 39 -1
15 39 1
18 39 1
15 18 39 -1
29 39 1
37 39 1
38 39 1
40 -12
3 40 1
7 40 1
3 7 40 -1
15 40 1
19 40 1
15 19 40 -1
30 40 1
37 40 1
38 40 1
39 40 1
41 -12
3 41 1
8 41 1
3 8 41 -1
15 41 1
20 41 1
15 20 41 -1
31 41 1
37 41 1
38 41 1
39 41 1
40 41 1
42 -12
3 42 1
9 42 1
3 9 42 -1
15 42 1
21 42 1
15 21 42 -1
32 42 1
37 42 1
38 42 1
39 42 1
40 42 1
41 42 1
43 -12
3 43 1
10 43 1
3 10 43 -1
15 43 1
22 43 1
15 22 43 -1
33 43 1
37 43 1
38 43 1
39 43 1
40 43 1
41 43 1
42 43 1
44 -12
3 44 1
11 44 1
3 11 44 -1
15 44 1
23 44 1
15 23 44 -1
34 44 1
37 44 1
38 44 1
39 44 1
40 44 1
41 44 1
42 44 1
43 44 1
45 -12
3 45 1
12 45 1
3 12 45 -1
15 45 1
24 45 1
15 24 45 -1
35 45 1
37 45 1
38 45 1
39 45 1
40 45 1
41 45 1
42 45 1
43 45 1
44 45 1
46 -12
3 46 1
13 46 1
3 13 46 -1
15 46 1
25 46 1
15 25 46 -1
36 46 1
37 46 1
38 46 1
39 46 1
40 46 1
41 46 1
42 46 1
43 46 1
44 46 1
45 46 1
48 -12
4 48 1
6 48 1
4 6 48 -1
16 48 1
18 48 1
16 18 48 -1
27 48 1
29 48 1
27 29 48 -1
37 48 1
39 48 1
37 39 48 -1
49 -12
4 49 1
7 49 1
4 7 49 -1
16 49 1
19 49 1
16 19 49 -1
27 49 1
30 49 1
27 30 49 -1
37 49 1
40 49 1
37 40 49 -1
48 49 1
50 -12
4 50 1
8 50 1
4 8 50 -1
16 50 1
20 50 1
16 20 50 -1
27 50 1
31 50 1
27 31 50 -1
37 50 1
41 50 1
37 41 50 -1
48 50 1
49 50 1
51 -12
4 51 1
9 51 1
4 9 51 -1
16 51 1
21 51 1
16 21 51 -1
27 51 1
32 51 1
27 32 51 -1
37 51 1
42 51 1
37 42 51 -1
48 51 1
49 51 1
50 51 1
52 -12
4 52 1
10 52 1
4 10 52 -1
16 52 1
22 52 1
16 22 52 -1
27 52 1
33 52 1
27 33 52 -1
37 52 1
43 52 1
37 43 52 -1
48 52 1
49 52 1
50 52 1
51 52 1
53 -12
4 53 1
11 53 1
4 11 53 -1
16 53 1
23 53 1
16 23 53 -1
27 53 1
34 53 1
27 34 53 -1
37 53 1
44 53 1
37 44 53 -1
48 53 1
49 53 1
50 53 1
51 53 1
52 53 1
54 -12
4 54 1
12 54 1
4 12 54 -1
16 54 1
24 54 1
16 24 54 -1
27 54 1
35 54 1
27 35 54 -1
37 54 1
45 54 1
37 45 54 -1
48 54 1
49 54 1
50 54 1
51 54 1
52 54 1
53 54 1
55 -12
4 55 1
13 55 1
4 13 55 -1
16 55 1
25 55 1
16 25 55 -1
27 55 1
36 55 1
27 36 55 -1
37 55 1
46 55 1
37 46 55 -1
48 55 1
49 55 1
50 55 1
51 55 1
52 55 1
53 55 1
54 55 1
56 -12
5 56 1
6 56 1
5 6 56 -1
17 56 1
18 56 1
17 18 56 -1
28 56 1
29 56 1
28 29 56 -1
38 56 1
39 56 1
38 39 56 -1
48 56 1
57 -12
5 57 1
7 57 1
5 7 57 -1
17 57 1
19 57 1
17 19 57 -1
28 57 1
30 57 1
28 30 57 -1
38 57 1
40 57 1
38 40 57 -1
49 57 1
56 57 1
58 -12
5 58 1
8 58 1
5 8 58 -1
17 58 1
20 58 1
17 20 58 -1
28 58 1
31 58 1
28 31 58 -1
38 58 1
41 58 1
38 41 58 -1
50 58 1
56 58 1
57 58 1
59 -12
5 59 1
9 59 1
5 9 59 -1
17 59 1
21 59 1
17 21 59 -1
28 59 1
32 59 1
28 32 59 -1
38 59 1
42 59 1
38 42 59 -1
51 59 1
56 59 1
57 59 1
58 59 1
60 -12
5 60 1
10 60 1
5 10 60 -1
17 60 1
22 60 1
17 22 60 -1
28 60 1
33 60 1
28 33 60 -1
38 60 1
43 60 1
38 43 60 -1
52 60 1
56 60 1
57 60 1
58 60 1
59 60 1
61 -12
5 61 1
11 61 1
5 11 61 -1
17 61 1
23 61 1
17 23 61 -1
28 61 1
34 61 1
28 34 61 -1
38 61 1
44 61 1
38 44 61 -1
53 61 1
56 61 1
57 61 1
58 61 1
59 61 1
60 61 1
62 -12
5 62 1
12 62 1
5 12 62 -1
17 62 1
24 62 1
17 24 62 -1
28 62 1
35 62 1
28 35 62 -1
38 62 1
45 62 1
38 45 62 -1
54 62 1
56 62 1
57 62 1
58 62 1
59 62 1
60 62 1
61 62 1
63 -12
5 63 1
13 63 1
5 13 63 -1
17 63 1
25 63 1
17 25 63 -1
28 63 1
36 63 1
28 36 63 -1
38 63 1
46 63 1
38 46 63 -1
55 63 1
56 63 1
57 63 1
58 63 1
59 63 1
60 63 1
61 63 1
62 63 1
65 -12
6 65 1
8 65 1
6 8 65 -1
18 65 1
20 65 1
18 20 65 -1
29 65 1
31 65 1
29 31 65 -1
39 65 1
41 65 1
39 41 65 -1
48 65 1
50 65 1
48 50 65 -1
56 65 1
58 65 1
56 58 65 -1
66 -12
6 66 1
9 66 1
6 9 66 -1
18 66 1
21 66 1
18 21 66 -1
29 66 1
32 66 1
29 32 66 -1
39 66 1
42 66 1
39 42 66 -1
48 66 1
51 66 1
48 51 66 -1
56 66 1
59 66 1
56 59 66 -1
65 66 1
67 -12
6 67 1
10 67 1
6 10 67 -1
18 67 1
22 67 1
18 22 67 -1
29 67 1
33 67 1
29 33 67 -1
39 67 1
43 67 1
39 43 67 -1
48 67 1
52 67 1
48 52 67 -1
56 67 1
60 67 1
56 60 67 -1
65 67 1
66 67 1
68 -12
6 68 1
11 68 1
6 11 68 -1
18 68 1
23 68 1
18 23 68 -1
29 68 1
34 68 1
29 34 68 -1
39 68 1
44 68 1
39 44 68 -1
48 68 1
53 68 1
48 53 68 -1
56 68 1
61 68 1
56 61 68 -1
65 68 1
66 68 1
67 68 1
69 -12
6 69 1
12 69 1
6 12 69 -1
18 69 1
24 69 1
18 24 69 -1
29 69 1
35 69 1
29 35 69 -1
39 69 1
45 69 1
39 45 69 -1
48 69 1
54 69 1
48 54 69 -1
56 69 1
62 69 1
56 62 69 -1
65 69 1
66 69 1
67 69 1
68 69 1
70 -12
6 70 1
13 70 1
6 13 70 -1
18 70 1
25 70 1
18 25 70 -1
29 70 1
36 70 1
29 36 70 -1
39 70 1
46 70 1
39 46 70 -1
48 70 1
55 70 1
48 55 70 -1
56 70 1
63 70 1
56 63 70 -1
65 70 1
66 70 1
67 70 1
68 70 1
69 70 1
71 -12
7 71 1
8 71 1
7 8 71 -1
19 71 1
20 71 1
19 20 71 -1
30 71 1
31 71 1
30 31 71 -1
40 71 1
41 71 1
40 41 71 -1
49 71 1
50 71 1
49 50 71 -1
57 71 1
58 71 1
57 58 71 -1
65 71 1
72 -12
7 72 1
9 72 1
7 9 72 -1
19 72 1
21 72 1
19 21 72 -1
30 72 1
32 72 1
30 32 72 -1
40 72 1
42 72 1
40 42 72 -1
49 72 1
51 72 1
49 51 72 -1
57 72 1
59 72 1
57 59 72 -1
66 72 1
71 72 1
73 -12
7 73 1
10 73 1
7 10 73 -1
19 73 1
22 73 1
19 22 73 -1
30 73 1
33 73 1
30 33 73 -1
40 73 1
43 73 1
40 43 73 -1
49 73 1
52 73 1
49 52 73 -1
57 73 1
60 73 1
57 60 73 -1
67 73 1
71 73 1
72 73 1
74 -12
7 74 1
11 74 1
7 11 74 -1
19 74 1
23 74 1
19 23 74 -1
30 74 1
34 74 1
30 34 74 -1
40 74 1
44 74 1
40 44 74 -1
49 74 1
53 74 1
49 53 74 -1
57 74 1
61 74 1
57 61 74 -1
68 74 1
71 74 1
72 74 1
73 74 1
75 -12
7 75 1
12 75 1
7 12 75 -1
19 75 1
24 75 1
19 24 75 -1
30 75 1
35 75 1
30 35 75 -1
40 75 1
45 75 1
40 45 75 -1
49 75 1
54 75 1
49 54 75 -1
57 75 1
62 75 1
57 62 75 -1
69 75 1
71 75 1
72 75 1
73 75 1
74 75 1
76 -12
7 76 1
13 76 1
7 13 76 -1
19 76 1
25 76 1
19 25 76 -1
30 76 1
36 76 1
30 36 76 -1
40 76 1
46 76 1
40 46 76 -1
49 76 1
55 76 1
49 55 76 -1
57 76 1
63 76 1
57 63 76 -1
70 76 1
71 76 1
72 76 1
73 76 1
74 76 1
75 76 1
78 -12
8 78 1
10 78 1
8 10 78 -1
20 78 1
22 78 1
20 22 78 -1
31 78 1
33 78 1
31 33 78 -1
41 78 1
43 78 1
41 43 78 -1
50 78 1
52 78 1
50 52 78 -1
58 78 1
60 78 1
58 60 78 -1
65 78 1
67 78 1
65 67 78 -1
71 78 1
73 78 1
71 73 78 -1
79 -12
8 79 1
11 79 1
8 11 79 -1
20 79 1
23 79 1
20 23 79 -1
31 79 1
34 79 1
31 34 79 -1
41 79 1
44 79 1
41 44 79 -1
50 79 1
53 79 1
50 53 79 -1
58 79 1
61 79 1
58 61 79 -1
65 79 1
68 79 1
65 68 79 -1
71 79 1
74 79 1
71 74 79 -1
78 79 1
80 -12
8 80 1
12 80 1
8 12 80 -1
20 80 1
24 80 1
20 24 80 -1
31 80 1
35 80 1
31 35 80 -1
41 80 1
45 80 1
41 45 80 -1
50 80 1
54 80 1
50 54 80 -1
58 80 1
62 80 1
58 62 80 -1
65 80 1
69 80 1
65 69 80 -1
71 80 1
75 80 1
71 75 80 -1
78 80 1
79 80 1
81 -12
8 81 1
13 81 1
8 13 81 -1
20 81 1
25 81 1
20 25 81 -1
31 81 1
36 81 1
31 36 81 -1
41 81 1
46 81 1
41 46 81 -1
50 81 1
55 81 1
50 55 81 -1
58 81 1
63 81 1
58 63 81 -1
65 81 1
70 81 1
65 70 81 -1
71 81 1
76 81 1
71 76 81 -1
78 81 1
79 81 1
80 81 1
82 -12
9 82 1
10 82 1
9 10 82 -1
21 82 1
22 82 1
21 22 82 -1
32 82 1
33 82 1
32 33 82 -1
42 82 1
43 82 1
42 43 82 -1
51 82 1
52 82 1
51 52 82 -1
59 82 1
60 82 1
59 60 82 -1
66 82 1
67 82 1
66 67 82 -1
72 82 1
73 82 1
72 73 82 -1
78 82 1
83 -12
9 83 1
11 83 1
9 11 83 -1
21 83 1
23 83 1
21 23 83 -1
32 83 1
34 83 1
32 34 83 -1
42 83 1
44 83 1
42 44 83 -1
51 83 1
53 83 1
51 53 83 -1
59 83 1
61 83 1
59 61 83 -1
66 83 1
68 83 1
66 68 83 -1
72 83 1
74 83 1
72 74 83 -1
79 83 1
82 83 1
84 -12
9 84 1
12 84 1
9 12 84 -1
21 84 1
24 84 1
21 24 84 -1
32 84 1
35 84 1
32 35 84 -1
42 84 1
45 84 1
42 45 84 -1
51 84 1
54 84 1
51 54 84 -1
59 84 1
62 84 1
59 62 84 -1
66 84 1
69 84 1
66 69 84 -1
72 84 1
75 84 1
72 75 84 -1
80 84 1
82 84 1
83 84 1
85 -12
9 85 1
13 85 1
9 13 85 -1
21 85 1
25 85 1
21 25 85 -1
32 85 1
36 85 1
32 36 85 -1
42 85 1
46 85 1
42 46 85 -1
51 85 1
55 85 1
51 55 85 -1
59 85 1
63 85 1
59 63 85 -1
66 85 1
70 85 1
66 70 85 -1
72 85 1
76 85 1
72 76 85 -1
81 85 1
82 85 1
83 85 1
84 85 1
87 -12
10 87 1
12 87 1
10 12 87 -1
22 87 1
24 87 1
22 24 87 -1
33 87 1
35 87 1
33 35 87 -1
43 87 1
45 87 1
43 45 87 -1
52 87 1
54 87 1
52 54 87 -1
60 87 1
62 87 1
60 62 87 -1
67 87 1
69 87 1
67 69 87 -1
73 87 1
75 87 1
73 75 87 -1
78 87 1
80 87 1
78 80 87 -1
82 87 1
84 87 1
82 84 87 -1
88 -12
10 88 1
13 88 1
10 13 88 -1
22 88 1
25 88 1
22 25 88 -1
33 88 1
36 88 1
33 36 88 -1
43 88 1
46 88 1
43 46 88 -1
52 88 1
55 88 1
52 55 88 -1
60 88 1
63 88 1
60 63 88 -1
67 88 1
70 88 1
67 70 88 -1
73 88 1
76 88 1
73 76 88 -1
78 88 1
81 88 1
78 81 88 -1
82 88 1
85 88 1
82 85 88 -1
87 88 1
89 -12
11 89 1
12 89 1
11 12 89 -1
23 89 1
24 89 1
23 24 89 -1
34 89 1
35 89 1
34 35 89 -1
44 89 1
45 89 1
44 45 89 -1
53 89 1
54 89 1
53 54 89 -1
61 89 1
62 89 1
61 62 89 -1
68 89 1
69 89 1
68 69 89 -1
74 89 1
75 89 1
74 75 89 -1
79 89 1
80 89 1
79 80 89 -1
83 89 1
84 89 1
83 84 89 -1
87 89 1
90 -12
11 90 1
13 90 1
11 13 90 -1
23 90 1
25 90 1
23 25 90 -1
34 90 1
36 90 1
34 36 90 -1
44 90 1
46 90 1
44 46 90 -1
53 90 1
55 90 1
53 55 90 -1
61 90 1
63 90 1
61 63 90 -1
68 90 1
70 90 1
68 70 90 -1
74 90 1
76 90 1
74 76 90 -1
79 90 1
81 90 1
79 81 90 -1
83 90 1
85 90 1
83 85 90 -1
88 90 1
89 90 1
91 -12
12 91 1
13 91 1
12 13 91 -1
24 91 1
25 91 1
24 25 91 -1
35 91 1
36 91 1
35 36 91 -1
45 91 1
46 91 1
45 46 91 -1
54 91 1
55 91 1
54 55 91 -1
62 91 1
63 91 1
62 63 91 -1
69 91 1
70 91 1
69 70 91 -1
75 91 1
76 91 1
75 76 91 -1
80 91 1
81 91 1
80 81 91 -1
84 91 1
85 91 1
84 85 91 -1
87 91 1
88 91 1
87 88 91 -1
2 4 6 8 10 12 13 27 29 31 33 35 36 48 50 52 54 55 65 67 69 70 78 80 81 87 88 91 1
14 16 18 20 22 24 25 27 29 31 33 35 36 48 50 52 54 55 65 67 69 70 78 80 81 87 88 91 1
3 4 6 8 10 12 13 37 39 41 43 45 46 48 50 52 54 55 65 67 69 70 78 80 81 87 88 91 1
15 16 18 20 22 24 25 37 39 41 43 45 46 48 50 52 54 55 65 67 69 70 78 80 81 87 88 91 1
2 5 6 8 10 12 13 28 29 31 33 35 36 56 58 60 62 63 65 67 69 70 78 80 81 87 88 91 1
14 17 18 20 22 24 25 28 29 31 33 35 36 56 58 60 62 63 65 67 69 70 78 80 81 87 88 91 1
3 5 6 8 10 12 13 38 39 41 43 45 46 56 58 60 62 63 65 67 69 70 78 80 81 87 88 91 1
15 17 18 20 22 24 25 38 39 41 43 45 46 56 58 60 62 63 65 67 69 70 78 80 81 87 88 91 1
2 4 7 8 10 12 13 27 30 31 33 35 36 49 50 52 54 55 71 73 75 76 78 80 81 87 88 91 1
14 16 19 20 22 24 25 27 30 31 33 35 36 49 50 52 54 55 71 73 75 76 78 80 81 87 88 91 1
3 4 7 8 10 12 13 37 40 41 43 45 46 49 50 52 54 55 71 73 75 76 78 80 81 87 88 91 1
15 16 19 20 22 24 25 37 40 41 43 45 46 49 50 52 54 55 71 73 75 76 78 80 81 87 88 91 1
2 5 7 8 10 12 13 28 30 31 33 35 36 57 58 60 62 63 71 73 75 76 78 80 81 87 88 91 1
14 17 19 20 22 24 25 28 30 31 33 35 36 57 58 60 62 63 71 73 75 76 78 80 81 87 88 91 1
3 5 7 8 10 12 13 38 40 41 43 45 46 57 58 60 62 63 71 73 75 76 78 80 81 87 88 91 1
15 17 19 20 22 24 25 38 40 41 43 45 46 57 58 60 62 63 71 73 75 76 78 80 81 87 88 91 1
2 4 6 9 10 12 13 27 29 32 33 35 36 48 51 52 54 55 66 67 69 70 82 84 85 87 88 91 1
14 16 18 21 22 24 25 27 29 32 33 35 36 48 51 52 54 55 66 67 69 70 82 84 85 87 88 91 1
3 4 6 9 10 12 13 37 39 42 43 45 46 48 51 52 54 55 66 67 69 70 82 84 85 87 88 91 1
15 16 18 21 22 24 25 37 39 42 43 45 46 48 51 52 54 55 66 67 69 70 82 84 85 87 88 91 1
2 5 6 9 10 12 13 28 29 32 33 35 36 56 59 60 62 63 66 67 69 70 82 84 85 87 88 91 1
14 17 18 21 22 24 25 28 29 32 33 35 36 56 59 60 62 63 66 67 69 70 82 84 85 87 88 91 1
3 5 6 9 10 12 13 38 39 42 43 45 46 56 59 60 62 63 66 67 69 70 82 84 85 87 88 91 1
15 17 18 21 22 24 25 38 39 42 43 45 46 56 59 60 62 63 66 67 69 70 82 84 85 87 88 91 1
2 4 7 9 10 12 13 27 30 32 33 35 36 49 51 52 54 55 72 73 75 76 82 84 85 87 88 91 1
14 16 19 21 22 24 25 27 30 32 33 35 36 49 51 52 54 55 72 73 75 76 82 84 85 87 88 91 1
3 4 7 9 10 12 13 37 40 42 43 45 46 49 51 52 54 55 72 73 75 76 82 84 85 87 88 91 1
15 16 19 21 22 24 25 37 40 42 43 45 46 49 51 52 54 55 72 73 75 76 82 84 85 87 88 91 1
2 5 7 9 10 12 13 28 30 32 33 35 36 57 59 60 62 63 72 73 75 76 82 84 85 87 88 91 1
14 17 19 21 22 24 25 28 30 32 33 35 36 57 59 60 62 63 72 73 75 76 82 84 85 87 88 91 1
3 5 7 9 10 12 13 38 40 42 43 45 46 57 59 60 62 63 72 73 75 76 82 84 85 87 88 91 1
15 17 19 21 22 24 25 38 40 42 43 45 46 57 59 60 62 63 72 73 75 76 82 84 85 87 88 91 1
89 91 1
90 91 1
89 90 91 -1
2 4 6 8 11 12 13 27 29 31 34 35 36 48 50 53 54 55 65 68 69 70 79 80 81 89 90 91 1
14 16 18 20 23 24 25 27 29 31 34 35 36 48 50 53 54 55 65 68 69 70 79 80 81 89 90 91 1
3 4 6 8 11 12 13 37 39 41 44 45 46 48 50 53 54 55 65 68 69 70 79 80 81 89 90 91 1
15 16 18 20 23 24 25 37 39 41 44 45 46 48 50 53 54 55 65 68 69 70 79 80 81 89 90 91 1
2 5 6 8 11 12 13 28 29 31 34 35 36 56 58 61 62 63 65 68 69 70 79 80 81 89 90 91 1
14 17 18 20 23 24 25 28 29 31 34 35 36 56 58 61 62 63 65 68 69 70 79 80 81 89 90 91 1
3 5 6 8 11 12 13 38 39 41 44 45 46 56 58 61 62 63 65 68 69 70 79 80 81 89 90 91 1
15 17 18 20 23 24 25 38 39 41 44 45 46 56 58 61 62 63 65 68 69 70 79 80 81 89 90 91 1
2 4 7 8 11 12 13 27 30 31 34 35 36 49 50 53 54 55 71 74 75 76 79 80 81 89 90 91 1
14 16 19 20 23 24 25 27 30 31 34 35 36 49 50 53 54 55 71 74 75 76 79 80 81 89 90 91 1
3 4 7 8 11 12 13 37 40 41 44 45 46 49 50 53 54 55 71 74 75 76 79 80 81 89 90 91 1
15 16 19 20 23 24 25 37 40 41 44 45 46 49 50 53 54 55 71 74 75 76 79 80 81 89 90 91 1
2 5 7 8 11 12 13 28 30 31 34 35 36 57 58 61 62 63 71 74 75 76 79 80 81 89 90 91 1
14 17 19 20 23 24 25 28 30 31 34 35 36 57 58 61 62 63 71 74 75 76 79 80 81 89 90 91 1
3 5 7 8 11 12 13 38 40 41 44 45 46 57 58 61 62 63 71 74 75 76 79 80 81 89 90 91 1
15 17 19 20 23 24 25 38 40 41 44 45 46 57 58 61 62 63 71 74 75 76 79 80 81 89 90 91 1
2 4 6 9 11 12 13 27 29 32 34 35 36 48 51 53 54 55 66 68 69 70 83 84 85 89 90 91 1
14 16 18 21 23 24 25 27 29 32 34 35 36 48 51 53 54 55 66 68 69 70 83 84 85 89 90 91 1
3 4 6 9 11 12 13 37 39 42 44 45 46 48 51 53 54 55 66 68 69 70 83 84 85 89 90 91 1
15 16 18 21 23 24 25 37 39 42 44 45 46 48 51 53 54 55 66 68 69 70 83 84 85 89 90 91 1
2 5 6 9 11 12 13 28 29 32 34 35 36 56 59 61 62 63 66 68 69 70 83 84 85 89 90 91 1
14 17 18 21 23 24 25 28 29 32 34 35 36 56 59 61 62 63 66 68 69 70 83 84 85 89 90 91 1
3 5 6 9 11 12 13 38 39 42 44 45 46 56 59 61 62 63 66 68 69 70 83 84 85 89 90 91 1
15 17 18 21 23 24 25 38 39 42 44 45 46 56 59 61 62 63 66 68 69 70 83 84 85 89 90 91 1
2 4 7 9 11 12 13 27 30 32 34 35 36 49 51 53 54 55 72 74 75 76 83 84 85 89 90 91 1
14 16 19 21 23 24 25 27 30 32 34 35 36 49 51 53 54 55 72 74 75 76 83 84 85 89 90 91 1
3 4 7 9 11 12 13 37 40 42 44 45 46 49 51 53 54 55 72 74 75 76 83 84 85 89 90 91 1
15 16 19 21 23 24 25 37 40 42 44 45 46 49 51 53 54 55 72 74 75 76 83 84 85 89 90 91 1
2 5 7 9 11 12 13 28 30 32 34 35 36 57 59 61 62 63 72 74 75 76 83 84 85 89 90 91 1
14 17 19 21 23 24 25 28 30 32 34 35 36 57 59 61 62 63 72 74 75 76 83 84 85 89 90 91 1
3 5 7 9 11 12 13 38 40 42 44 45 46 57 59 61 62 63 72 74 75 76 83 84 85 89 90 91 1
15 17 19 21 23 24 25 38 40 42 44 45 46 57 59 61 62 63 72 74 75 76 83 84 85 89 90 91 1
#
300
2 -12
3 -12
2 3 1
4 -12
2 4 1
3 4 1
5 -12
2 5 1
3 5 1
4 5 1
6 -12
2 6 1
3 6 1
4 6 1
5 6 1
7 -12
2 7 1
3 7 1
4 7 1
5 7 1
6 7 1
8 -12
2 8 1
3 8 1
4 8 1
5 8 1
6 8 1
7 8 1
9 -12
2 9 1
3 9 1
4 9 1
5 9 1
6 9 1
7 9 1
8 9 1
10 -9
2 10 1
3 10 1
4 10 1
5 10 1
6 10 1
7 10 1
8 10 1
9 10 1
11 -9
2 11 1
3 11 1
4 11 1
5 11 1
6 11 1
7 11 1
8 11 1
9 11 1
12 -9
2 12 1
3 12 1
4 12 1
5 12 1
6 12 1
7 12 1
8 12 1
9 12 1
13 -9
2 13 1
3 13 1
4 13 1
5 13 1
6 13 1
7 13 1
8 13 1
9 13 1
14 -12
2 14 1
15 -12
3 15 1
14 15 1
16 -12
4 16 1
14 16 1
15 16 1
17 -12
5 17 1
14 17 1
15 17 1
16 17 1
18 -12
6 18 1
14 18 1
15 18 1
16 18 1
17 18 1
19 -12
7 19 1
14 19 1
15 19 1
16 19 1
17 19 1
18 19 1
20 -12
8 20 1
14 20 1
15 20 1
16 20 1
17 20 1
18 20 1
19 20 1
21 -12
9 21 1
14 21 1
15 21 1
16 21 1
17 21 1
18 21 1
19 21 1
20 21 1
22 -9
10 22 1
14 22 1
15 22 1
16 22 1
17 22 1
18 22 1
19 22 1
20 22 1
21 22 1
23 -9
11 23 1
14 23 1
15 23 1
16 23 1
17 23 1
18 23 1
19 23 1
20 23 1
21 23 1
24 -9
12 24 1
14 24 1
15 24 1
16 24 1
17 24 1
18 24 1
19 24 1
20 24 1
21 24 1
25 -9
13 25 1
14 25 1
15 25 1
16 25 1
17 25 1
18 25 1
19 25 1
20 25 1
21 25 1
27 -12
2 27 1
4 27 1
2 4 27 -1
14 27 1
16 27 1
14 16 27 -1
28 -12
2 28 1
5 28 1
2 5 28 -1
14 28 1
17 28 1
14 17 28 -1
27 28 1
29 -12
2 29 1
6 29 1
2 6 29 -1
14 29 1
18 29 1
14 18 29 -1
27 29 1
28 29 1
30 -12
2 30 1
7 30 1
2 7 30 -1
14 30 1
19 30 1
14 19 30 -1
27 30 1
28 30 1
29 30 1
31 -12
2 31 1
8 31 1
2 8 31 -1
14 31 1
20 31 1
14 20 31 -1
27 31 1
28 31 1
29 31 1
30 31 1
32 -12
2 32 1
9 32 1
2 9 32 -1
14 32 1
21 32 1
14 21 32 -1
27 32 1
28 32 1
29 32 1
30 32 1
31 32 1
33 -9
2 33 1
10 33 1
2 10 33 -1
14 33 1
22 33 1
14 22 33 -1
27 33 1
28 33 1
29 33 1
30 33 1
31 33 1
32 33 1
34 -9
2 34 1
11 34 1
2 11 34 -1
14 34 1
23 34 1
14 23 34 -1
27 34 1
28 34 1
29 34 1
30 34 1
31 34 1
32 34 1
35 -9
2 35 1
12 35 1
2 12 35 -1
14 35 1
24 35 1
14 24 35 -1
27 35 1
28 35 1
29 35 1
30 35 1
31 35 1
32 35 1
36 -9
2 36 1
13 36 1
2 13 36 -1
14 36 1
25 36 1
14 25 36 -1
27 36 1
28 36 1
29 36 1
30 36 1
31 36 1
32 36 1
37 -12
3 37 1
4 37 1
3 4 37 -1
15 37 1
16 37 1
15 16 37 -1
27 37 1
38 -12
3 38 1
5 38 1
3 5 38 -1
15 38 1
17 38 1
15 17 38 -1
28 38 1
37 38 1
39 -12
3 39 1
6 39 1
3 6 39 -1
15 39 1
18 39 1
15 18 39 -1
29 39 1
37 39 1
38 39 1
40 -12
3 40 1
7 40 1
3 7 40 -1
15 40 1
19 40 1
15 19 40 -1
30 40 1
37 40 1
38 40 1
39 40 1
41 -12
3 41 1
8 41 1
3 8 41 -1
15 41 1
20 41 1
15 20 41 -1
31 41 1
37 41 1
38 41 1
39 41 1
40 41 1
42 -12
3 42 1
9 42 1
3 9 42 -1
15 42 1
21 42 1
15 21 42 -1
32 42 1
37 42 1
38 42 1
39 42 1
40 42 1
41 42 1
43 -9
3 43 1
10 43 1
3 10 43 -1
15 43 1
22 43 1
15 22 43 -1
33 43 1
37 43 1
38 43 1
39 43 1
40 43 1
41 43 1
42 43 1
44 -9
3 44 1
11 44 1
3 11 44 -1
15 44 1
23 44 1
15 23 44 -1
34 44 1
37 44 1
38 44 1
39 44 1
40 44 1
41 44 1
42 44 1
45 -9
3 45 1
12 45 1
3 12 45 -1
15 45 1
24 45 1
15 24 45 -1
35 45 1
37 45 1
38 45 1
39 45 1
40 45 1
41 45 1
42 45 1
46 -9
3 46 1
13 46 1
3 13 46 -1
15 46 1
25 46 1
15 25 46 -1
36 46 1
37 46 1
38 46 1
39 46 1
40 46 1
41 46 1
42 46 1
48 -12
4 48 1
6 48 1
4 6 48 -1
16 48 1
18 48 1
16 18 48 -1
27 48 1
29 48 1
27 29 48 -1
37 48 1
39 48 1
37 39 48 -1
49 -12
4 49 1
7 49 1
4 7 49 -1
16 49 1
19 49 1
16 19 49 -1
27 49 1
30 49 1
27 30 49 -1
37 49 1
40 49 1
37 40 49 -1
48 49 1
50 -12
4 50 1
8 50 1
4 8 50 -1
16 50 1
20 50 1
16 20 50 -1
27 50 1
31 50 1
27 31 50 -1
37 50 1
41 50 1
37 41 50 -1
48 50 1
49 50 1
51 -12
4 51 1
9 51 1
4 9 51 -1
16 51 1
21 51 1
16 21 51 -1
27 51 1
32 51 1
27 32 51 -1
37 51 1
42 51 1
37 42 51 -1
48 51 1
49 51 1
50 51 1
52 -9
4 52 1
10 52 1
4 10 52 -1
16 52 1
22 52 1
16 22 52 -1
27 52 1
33 52 1
27 33 52 -1
37 52 1
43 52 1
37 43 52 -1
48 52 1
49 52 1
50 52 1
51 52 1
53 -9
4 53 1
11 53 1
4 11 53 -1
16 53 1
23 53 1
16 23 53 -1
27 53 1
34 53 1
27 34 53 -1
37 53 1
44 53 1
37 44 53 -1
48 53 1
49 53 1
50 53 1
51 53 1
54 -9
4 54 1
12 54 1
4 12 54 -1
16 54 1
24 54 1
16 24 54 -1
27 54 1
35 54 1
27 35 54 -1
37 54 1
45 54 1
37 45 54 -1
48 54 1
49 54 1
50 54 1
51 54 1
55 -9
4 55 1
13 55 1
4 13 55 -1
16 55 1
25 55 1
16 25 55 -1
27 55 1
36 55 1
27 36 55 -1
37 55 1
46 55 1
37 46 55 -1
48 55 1
49 55 1
50 55 1
51 55 1
56 -12
5 56 1
6 56 1
5 6 56 -1
17 56 1
18 56 1
17 18 56 -1
28 56 1
29 56 1
28 29 56 -1
38 56 1
39 56 1
38 39 56 -1
48 56 1
57 -12
5 57 1
7 57 1
5 7 57 -1
17 57 1
19 57 1
17 19 57 -1
28 57 1
30 57 1
28 30 57 -1
38 57 1
40 57 1
38 40 57 -1
49 57 1
56 57 1
58 -12
5 58 1
8 58 1
5 8 58 -1
17 58 1
20 58 1
17 20 58 -1
28 58 1
31 58 1
28 31 58 -1
38 58 1
41 58 1
38 41 58 -1
50 58 1
56 58 1
57 58 1
59 -12
5 59 1
9 59 1
5 9 59 -1
17 59 1
21 59 1
17 21 59 -1
28 59 1
32 59 1
28 32 59 -1
38 59 1
42 59 1
38 42 59 -1
51 59 1
56 59 1
57 59 1
58 59 1
60 -9
5 60 1
10 60 1
5 10 60 -1
17 60 1
22 60 1
17 22 60 -1
28 60 1
33 60 1
28 33 60 -1
38 60 1
43 60 1
38 43 60 -1
52 60 1
56 60 1
57 60 1
58 60 1
59 60 1
61 -9
5 61 1
11 61 1
5 11 61 -1
17 61 1
23 61 1
17 23 61 -1
28 61 1
34 61 1
28 34 61 -1
38 61 1
44 61 1
38 44 61 -1
53 61 1
56 61 1
57 61 1
58 61 1
59 61 1
62 -9
5 62 1
12 62 1
5 12 62 -1
17 62 1
24 62 1
17 24 62 -1
28 62 1
35 62 1
28 35 62 -1
38 62 1
45 62 1
38 45 62 -1
54 62 1
56 62 1
57 62 1
58 62 1
59 62 1
63 -9
5 63 1
13 63 1
5 13 63 -1
17 63 1
25 63 1
17 25 63 -1
28 63 1
36 63 1
28 36 63 -1
38 63 1
46 63 1
38 46 63 -1
55 63 1
56 63 1
57 63 1
58 63 1
59 63 1
65 -12
6 65 1
8 65 1
6 8 65 -1
18 65 1
20 65 1
18 20 65 -1
29 65 1
31 65 1
29 31 65 -1
39 65 1
41 65 1
39 41 65 -1
48 65 1
50 65 1
48 50 65 -1
56 65 1
58 65 1
56 58 65 -1
66 -12
6 66 1
9 66 1
6 9 66 -1
18 66 1
21 66 1
18 21 66 -1
29 66 1
32 66 1
29 32 66 -1
39 66 1
42 66 1
39 42 66 -1
48 66 1
51 66 1
48 51 66 -1
56 66 1
59 66 1
56 59 66 -1
65 66 1
67 -9
6 67 1
10 67 1
6 10 67 -1
18 67 1
22 67 1
18 22 67 -1
29 67 1
33 67 1
29 33 67 -1
39 67 1
43 67 1
39 43 67 -1
48 67 1
52 67 1
48 52 67 -1
56 67 1
60 67 1
56 60 67 -1
65 67 1
66 67 1
68 -9
6 68 1
11 68 1
6 11 68 -1
18 68 1
23 68 1
18 23 68 -1
29 68 1
34 68 1
29 34 68 -1
39 68 1
44 68 1
39 44 68 -1
48 68 1
53 68 1
48 53 68 -1
56 68 1
61 68 1
56 61 68 -1
65 68 1
66 68 1
69 -9
6 69 1
12 69 1
6 12 69 -1
18 69 1
24 69 1
18 24 69 -1
29 69 1
35 69 1
29 35 69 -1
39 69 1
45 69 1
39 45 69 -1
48 69 1
54 69 1
48 54 69 -1
56 69 1
62 69 1
56 62 69 -1
65 69 1
66 69 1
70 -9
6 70 1
13 70 1
6 13 70 -1
18 70 1
25 70 1
18 25 70 -1
29 70 1
36 70 1
29 36 70 -1
39 70 1
46 70 1
39 46 70 -1
48 70 1
55 70 1
48 55 70 -1
56 70 1
63 70 1
56 63 70 -1
65 70 1
66 70 1
2 4 6 10 11 12 13 27 29 33 34 35 36 48 52 53 54 55 67 68 69 70 1
14 16 18 22 23 24 25 27 29 33 34 35 36 48 52 53 54 55 67 68 69 70 1
3 4 6 10 11 12 13 37 39 43 44 45 46 48 52 53 54 55 67 68 69 70 1
15 16 18 22 23 24 25 37 39 43 44 45 46 48 52 53 54 55 67 68 69 70 1
2 5 6 10 11 12 13 28 29 33 34 35 36 56 60 61 62 63 67 68 69 70 1
14 17 18 22 23 24 25 28 29 33 34 35 36 56 60 61 62 63 67 68 69 70 1
3 5 6 10 11 12 13 38 39 43 44 45 46 56 60 61 62 63 67 68 69 70 1
15 17 18 22 23 24 25 38 39 43 44 45 46 56 60 61 62 63 67 68 69 70 1
71 -12
7 71 1
8 71 1
7 8 71 -1
19 71 1
20 71 1
19 20 71 -1
30 71 1
31 71 1
30 31 71 -1
40 71 1
41 71 1
40 41 71 -1
49 71 1
50 71 1
49 50 71 -1
57 71 1
58 71 1
57 58 71 -1
65 71 1
72 -12
7 72 1
9 72 1
7 9 72 -1
19 72 1
21 72 1
19 21 72 -1
30 72 1
32 72 1
30 32 72 -1
40 72 1
42 72 1
40 42 72 -1
49 72 1
51 72 1
49 51 72 -1
57 72 1
59 72 1
57 59 72 -1
66 72 1
71 72 1
73 -9
7 73 1
10 73 1
7 10 73 -1
19 73 1
22 73 1
19 22 73 -1
30 73 1
33 73 1
30 33 73 -1
40 73 1
43 73 1
40 43 73 -1
49 73 1
52 73 1
49 52 73 -1
57 73 1
60 73 1
57 60 73 -1
67 73 1
71 73 1
72 73 1
74 -9
7 74 1
11 74 1
7 11 74 -1
19 74 1
23 74 1
19 23 74 -1
30 74 1
34 74 1
30 34 74 -1
40 74 1
44 74 1
40 44 74 -1
49 74 1
53 74 1
49 53 74 -1
57 74 1
61 74 1
57 61 74 -1
68 74 1
71 74 1
72 74 1
75 -9
7 75 1
12 75 1
7 12 75 -1
19 75 1
24 75 1
19 24 75 -1
30 75 1
35 75 1
30 35 75 -1
40 75 1
45 75 1
40 45 75 -1
49 75 1
54 75 1
49 54 75 -1
57 75 1
62 75 1
57 62 75 -1
69 75 1
71 75 1
72 75 1
76 -9
7 76 1
13 76 1
7 13 76 -1
19 76 1
25 76 1
19 25 76 -1
30 76 1
36 76 1
30 36 76 -1
40 76 1
46 76 1
40 46 76 -1
49 76 1
55 76 1
49 55 76 -1
57 76 1
63 76 1
57 63 76 -1
70 76 1
71 76 1
72 76 1
2 4 7 10 11 12 13 27 30 33 34 35 36 49 52 53 54 55 73 74 75 76 1
14 16 19 22 23 24 25 27 30 33 34 35 36 49 52 53 54 55 73 74 75 76 1
3 4 7 10 11 12 13 37 40 43 44 45 46 49 52 53 54 55 73 74 75 76 1
15 16 19 22 23 24 25 37 40 43 44 45 46 49 52 53 54 55 73 74 75 76 1
2 5 7 10 11 12 13 28 30 33 34 35 36 57 60 61 62 63 73 74 75 76 1
14 17 19 22 23 24 25 28 30 33 34 35 36 57 60 61 62 63 73 74 75 76 1
3 5 7 10 11 12 13 38 40 43 44 45 46 57 60 61 62 63 73 74 75 76 1
15 17 19 22 23 24 25 38 40 43 44 45 46 57 60 61 62 63 73 74 75 76 1
78 -9
8 78 1
10 78 1
8 10 78 -1
20 78 1
22 78 1
20 22 78 -1
31 78 1
33 78 1
31 33 78 -1
41 78 1
43 78 1
41 43 78 -1
50 78 1
52 78 1
50 52 78 -1
58 78 1
60 78 1
58 60 78 -1
65 78 1
67 78 1
65 67 78 -1
71 78 1
73 78 1
71 73 78 -1
79 -9
8 79 1
11 79 1
8 11 79 -1
20 79 1
23 79 1
20 23 79 -1
31 79 1
34 79 1
31 34 79 -1
41 79 1
44 79 1
41 44 79 -1
50 79 1
53 79 1
50 53 79 -1
58 79 1
61 79 1
58 61 79 -1
65 79 1
68 79 1
65 68 79 -1
71 79 1
74 79 1
71 74 79 -1
80 -9
8 80 1
12 80 1
8 12 80 -1
20 80 1
24 80 1
20 24 80 -1
31 80 1
35 80 1
31 35 80 -1
41 80 1
45 80 1
41 45 80 -1
50 80 1
54 80 1
50 54 80 -1
58 80 1
62 80 1
58 62 80 -1
65 80 1
69 80 1
65 69 80 -1
71 80 1
75 80 1
71 75 80 -1
2 4 6 8 10 11 12 27 29 31 33 34 35 48 50 52 53 54 65 67 68 69 78 79 80 1
14 16 18 20 22 23 24 27 29 31 33 34 35 48 50 52 53 54 65 67 68 69 78 79 80 1
3 4 6 8 10 11 12 37 39 41 43 44 45 48 50 52 53 54 65 67 68 69 78 79 80 1
15 16 18 20 22 23 24 37 39 41 43 44 45 48 50 52 53 54 65 67 68 69 78 79 80 1
2 5 6 8 10 11 12 28 29 31 33 34 35 56 58 60 61 62 65 67 68 69 78 79 80 1
14 17 18 20 22 23 24 28 29 31 33 34 35 56 58 60 61 62 65 67 68 69 78 79 80 1
3 5 6 8 10 11 12 38 39 41 43 44 45 56 58 60 61 62 65 67 68 69 78 79 80 1
15 17 18 20 22 23 24 38 39 41 43 44 45 56 58 60 61 62 65 67 68 69 78 79 80 1
2 4 7 8 10 11 12 27 30 31 33 34 35 49 50 52 53 54 71 73 74 75 78 79 80 1
14 16 19 20 22 23 24 27 30 31 33 34 35 49 50 52 53 54 71 73 74 75 78 79 80 1
3 4 7 8 10 11 12 37 40 41 43 44 45 49 50 52 53 54 71 73 74 75 78 79 80 1
15 16 19 20 22 23 24 37 40 41 43 44 45 49 50 52 53 54 71 73 74 75 78 79 80 1
2 5 7 8 10 11 12 28 30 31 33 34 35 57 58 60 61 62 71 73 74 75 78 79 80 1
14 17 19 20 22 23 24 28 30 31 33 34 35 57 58 60 61 62 71 73 74 75 78 79 80 1
3 5 7 8 10 11 12 38 40 41 43 44 45 57 58 60 61 62 71 73 74 75 78 79 80 1
15 17 19 20 22 23 24 38 40 41 43 44 45 57 58 60 61 62 71 73 74 75 78 79 80 1
81 -9
8 81 1
13 81 1
8 13 81 -1
20 81 1
25 81 1
20 25 81 -1
31 81 1
36 81 1
31 36 81 -1
41 81 1
46 81 1
41 46 81 -1
50 81 1
55 81 1
50 55 81 -1
58 81 1
63 81 1
58 63 81 -1
65 81 1
70 81 1
65 70 81 -1
71 81 1
76 81 1
71 76 81 -1
2 4 6 8 10 11 13 27 29 31 33 34 36 48 50 52 53 55 65 67 68 70 78 79 81 1
14 16 18 20 22 23 25 27 29 31 33 34 36 48 50 52 53 55 65 67 68 70 78 79 81 1
3 4 6 8 10 11 13 37 39 41 43 44 46 48 50 52 53 55 65 67 68 70 78 79 81 1
15 16 18 20 22 23 25 37 39 41 43 44 46 48 50 52 53 55 65 67 68 70 78 79 81 1
2 5 6 8 10 11 13 28 29 31 33 34 36 56 58 60 61 63 65 67 68 70 78 79 81 1
14 17 18 20 22 23 25 28 29 31 33 34 36 56 58 60 61 63 65 67 68 70 78 79 81 1
3 5 6 8 10 11 13 38 39 41 43 44 46 56 58 60 61 63 65 67 68 70 78 79 81 1
15 17 18 20 22 23 25 38 39 41 43 44 46 56 58 60 61 63 65 67 68 70 78 79 81 1
2 4 7 8 10 11 13 27 30 31 33 34 36 49 50 52 53 55 71 73 74 76 78 79 81 1
14 16 19 20 22 23 25 27 30 31 33 34 36 49 50 52 53 55 71 73 74 76 78 79 81 1
3 4 7 8 10 11 13 37 40 41 43 44 46 49 50 52 53 55 71 73 74 76 78 79 81 1
15 16 19 20 22 23 25 37 40 41 43 44 46 49 50 52 53 55 71 73 74 76 78 79 81 1
2 5 7 8 10 11 13 28 30 31 33 34 36 57 58 60 61 63 71 73 74 76 78 79 81 1
14 17 19 20 22 23 25 28 30 31 33 34 36 57 58 60 61 63 71 73 74 76 78 79 81 1
3 5 7 8 10 11 13 38 40 41 43 44 46 57 58 60 61 63 71 73 74 76 78 79 81 1
15 17 19 20 22 23 25 38 40 41 43 44 46 57 58 60 61 63 71 73 74 76 78 79 81 1
2 4 6 8 10 12 13 27 29 31 33 35 36 48 50 52 54 55 65 67 69 70 78 80 81 1
14 16 18 20 22 24 25 27 29 31 33 35 36 48 50 52 54 55 65 67 69 70 78 80 81 1
3 4 6 8 10 12 13 37 39 41 43 45 46 48 50 52 54 55 65 67 69 70 78 80 81 1
15 16 18 20 22 24 25 37 39 41 43 45 46 48 50 52 54 55 65 67 69 70 78 80 81 1
2 5 6 8 10 12 13 28 29 31 33 35 36 56 58 60 62 63 65 67 69 70 78 80 81 1
14 17 18 20 22 24 25 28 29 31 33 35 36 56 58 60 62 63 65 67 69 70 78 80 81 1
3 5 6 8 10 12 13 38 39 41 43 45 46 56 58 60 62 63 65 67 69 70 78 80 81 1
15 17 18 20 22 24 25 38 39 41 43 45 46 56 58 60 62 63 65 67 69 70 78 80 81 1
2 4 7 8 10 12 13 27 30 31 33 35 36 49 50 52 54 55 71 73 75 76 78 80 81 1
14 16 19 20 22 24 25 27 30 31 33 35 36 49 50 52 54 55 71 73 75 76 78 80 81 1
3 4 7 8 10 12 13 37 40 41 43 45 46 49 50 52 54 55 71 73 75 76 78 80 81 1
15 16 19 20 22 24 25 37 40 41 43 45 46 49 50 52 54 55 71 73 75 76 78 80 81 1
2 5 7 8 10 12 13 28 30 31 33 35 36 57 58 60 62 63 71 73 75 76 78 80 81 1
14 17 19 20 22 24 25 28 30 31 33 35 36 57 58 60 62 63 71 73 75 76 78 80 81 1
3 5 7 8 10 12 13 38 40 41 43 45 46 57 58 60 62 63 71 73 75 76 78 80 81 1
15 17 19 20 22 24 25 38 40 41 43 45 46 57 58 60 62 63 71 73 75 76 78 80 81 1
2 4 6 8 11 12 13 27 29 31 34 35 36 48 50 53 54 55 65 68 69 70 79 80 81 1
14 16 18 20 23 24 25 27 29 31 34 35 36 48 50 53 54 55 65 68 69 70 79 80 81 1
3 4 6 8 11 12 13 37 39 41 44 45 46 48 50 53 54 55 65 68 69 70 79 80 81 1
15 16 18 20 23 24 25 37 39 41 44 45 46 48 50 53 54 55 65 68 69 70 79 80 81 1
2 5 6 8 11 12 13 28 29 31 34 35 36 56 58 61 62 63 65 68 69 70 79 80 81 1
14 17 18 20 23 24 25 28 29 31 34 35 36 56 58 61 62 63 65 68 69 70 79 80 81 1
3 5 6 8 11 12 13 38 39 41 44 45 46 56 58 61 62 63 65 68 69 70 79 80 81 1
15 17 18 20 23 24 25 38 39 41 44 45 46 56 58 61 62 63 65 68 69 70 79 80 81 1
2 4 7 8 11 12 13 27 30 31 34 35 36 49 50 53 54 55 71 74 75 76 79 80 81 1
14 16 19 20 23 24 25 27 30 31 34 35 36 49 50 53 54 55 71 74 75 76 79 80 81 1
3 4 7 8 11 12 13 37 40 41 44 45 46 49 50 53 54 55 71 74 75 76 79 80 81 1
15 16 19 20 23 24 25 37 40 41 44 45 46 49 50 53 54 55 71 74 75 76 79 80 81 1
2 5 7 8 11 12 13 28 30 31 34 35 36 57 58 61 62 63 71 74 75 76 79 80 81 1
14 17 19 20 23 24 25 28 30 31 34 35 36 57 58 61 62 63 71 74 75 76 79 80 81 1
3 5 7 8 11 12 13 38 40 41 44 45 46 57 58 61 62 63 71 74 75 76 79 80 81 1
15 17 19 20 23 24 25 38 40 41 44 45 46 57 58 61 62 63 71 74 75 76 79 80 81 1
2 4 8 10 11 12 13 27 31 33 34 35 36 50 52 53 54 55 78 79 80 81 1
14 16 20 22 23 24 25 27 31 33 34 35 36 50 52 53 54 55 78 79 80 81 1
3 4 8 10 11 12 13 37 41 43 44 45 46 50 52 53 54 55 78 79 80 81 1
15 16 20 22 23 24 25 37 41 43 44 45 46 50 52 53 54 55 78 79 80 81 1
2 5 8 10 11 12 13 28 31 33 34 35 36 58 60 61 62 63 78 79 80 81 1
14 17 20 22 23 24 25 28 31 33 34 35 36 58 60 61 62 63 78 79 80 81 1
3 5 8 10 11 12 13 38 41 43 44 45 46 58 60 61 62 63 78 79 80 81 1
15 17 20 22 23 24 25 38 41 43 44 45 46 58 60 61 62 63 78 79 80 81 1
2 6 8 10 11 12 13 29 31 33 34 35 36 65 67 68 69 70 78 79 80 81 1
14 18 20 22 23 24 25 29 31 33 34 35 36 65 67 68 69 70 78 79 80 81 1
3 6 8 10 11 12 13 39 41 43 44 45 46 65 67 68 69 70 78 79 80 81 1
15 18 20 22 23 24 25 39 41 43 44 45 46 65 67 68 69 70 78 79 80 81 1
4 6 8 10 11 12 13 48 50 52 53 54 55 65 67 68 69 70 78 79 80 81 1
16 18 20 22 23 24 25 48 50 52 53 54 55 65 67 68 69 70 78 79 80 81 1
27 29 31 33 34 35 36 48 50 52 53 54 55 65 67 68 69 70 78 79 80 81 1
37 39 41 43 44 45 46 48 50 52 53 54 55 65 67 68 69 70 78 79 80 81 1
5 6 8 10 11 12 13 56 58 60 61 62 63 65 67 68 69 70 78 79 80 81 1
17 18 20 22 23 24 25 56 58 60 61 62 63 65 67 68 69 70 78 79 80 81 1
28 29 31 33 34 35 36 56 58 60 61 62 63 65 67 68 69 70 78 79 80 81 1
38 39 41 43 44 45 46 56 58 60 61 62 63 65 67 68 69 70 78 79 80 81 1
2 7 8 10 11 12 13 30 31 33 34 35 36 71 73 74 75 76 78 79 80 81 1
14 19 20 22 23 24 25 30 31 33 34 35 36 71 73 74 75 76 78 79 80 81 1
3 7 8 10 11 12 13 40 41 43 44 45 46 71 73 74 75 76 78 79 80 81 1
15 19 20 22 23 24 25 40 41 43 44 45 46 71 73 74 75 76 78 79 80 81 1
4 7 8 10 11 12 13 49 50 52 53 54 55 71 73 74 75 76 78 79 80 81 1
16 19 20 22 23 24 25 49 50 52 53 54 55 71 73 74 75 76 78 79 80 81 1
27 30 31 33 34 35 36 49 50 52 53 54 55 71 73 74 75 76 78 79 80 81 1
37 40 41 43 44 45 46 49 50 52 53 54 55 71 73 74 75 76 78 79 80 81 1
5 7 8 10 11 12 13 57 58 60 61 62 63 71 73 74 75 76 78 79 80 81 1
17 19 20 22 23 24 25 57 58 60 61 62 63 71 73 74 75 76 78 79 80 81 1
28 30 31 33 34 35 36 57 58 60 61 62 63 71 73 74 75 76 78 79 80 81 1
38 40 41 43 44 45 46 57 58 60 61 62 63 71 73 74 75 76 78 79 80 81 1
82 -9
9 82 1
10 82 1
9 10 82 -1
21 82 1
22 82 1
21 22 82 -1
32 82 1
33 82 1
32 33 82 -1
42 82 1
43 82 1
42 43 82 -1
51 82 1
52 82 1
51 52 82 -1
59 82 1
60 82 1
59 60 82 -1
66 82 1
67 82 1
66 67 82 -1
72 82 1
73 82 1
72 73 82 -1
78 82 1
83 -9
9 83 1
11 83 1
9 11 83 -1
21 83 1
23 83 1
21 23 83 -1
32 83 1
34 83 1
32 34 83 -1
42 83 1
44 83 1
42 44 83 -1
51 83 1
53 83 1
51 53 83 -1
59 83 1
61 83 1
59 61 83 -1
66 83 1
68 83 1
66 68 83 -1
72 83 1
74 83 1
72 74 83 -1
79 83 1
84 -9
9 84 1
12 84 1
9 12 84 -1
21 84 1
24 84 1
21 24 84 -1
32 84 1
35 84 1
32 35 84 -1
42 84 1
45 84 1
42 45 84 -1
51 84 1
54 84 1
51 54 84 -1
59 84 1
62 84 1
59 62 84 -1
66 84 1
69 84 1
66 69 84 -1
72 84 1
75 84 1
72 75 84 -1
80 84 1
2 4 6 9 10 11 12 27 29 32 33 34 35 48 51 52 53 54 66 67 68 69 82 83 84 1
14 16 18 21 22 23 24 27 29 32 33 34 35 48 51 52 53 54 66 67 68 69 82 83 84 1
3 4 6 9 10 11 12 37 39 42 43 44 45 48 51 52 53 54 66 67 68 69 82 83 84 1
15 16 18 21 22 23 24 37 39 42 43 44 45 48 51 52 53 54 66 67 68 69 82 83 84 1
2 5 6 9 10 11 12 28 29 32 33 34 35 56 59 60 61 62 66 67 68 69 82 83 84 1
14 17 18 21 22 23 24 28 29 32 33 34 35 56 59 60 61 62 66 67 68 69 82 83 84 1
3 5 6 9 10 11 12 38 39 42 43 44 45 56 59 60 61 62 66 67 68 69 82 83 84 1
15 17 18 21 22 23 24 38 39 42 43 44 45 56 59 60 61 62 66 67 68 69 82 83 84 1
2 4 7 9 10 11 12 27 30 32 33 34 35 49 51 52 53 54 72 73 74 75 82 83 84 1
14 16 19 21 22 23 24 27 30 32 33 34 35 49 51 52 53 54 72 73 74 75 82 83 84 1
3 4 7 9 10 11 12 37 40 42 43 44 45 49 51 52 53 54 72 73 74 75 82 83 84 1
15 16 19 21 22 23 24 37 40 42 43 44 45 49 51 52 53 54 72 73 74 75 82 83 84 1
2 5 7 9 10 11 12 28 30 32 33 34 35 57 59 60 61 62 72 73 74 75 82 83 84 1
14 17 19 21 22 23 24 28 30 32 33 34 35 57 59 60 61 62 72 73 74 75 82 83 84 1
3 5 7 9 10 11 12 38 40 42 43 44 45 57 59 60 61 62 72 73 74 75 82 83 84 1
15 17 19 21 22 23 24 38 40 42 43 44 45 57 59 60 61 62 72 73 74 75 82 83 84 1
85 -9
9 85 1
13 85 1
9 13 85 -1
21 85 1
25 85 1
21 25 85 -1
32 85 1
36 85 1
32 36 85 -1
42 85 1
46 85 1
42 46 85 -1
51 85 1
55 85 1
51 55 85 -1
59 85 1
63 85 1
59 63 85 -1
66 85 1
70 85 1
66 70 85 -1
72 85 1
76 85 1
72 76 85 -1
81 85 1
2 4 6 9 10 11 13 27 29 32 33 34 36 48 51 52 53 55 66 67 68 70 82 83 85 1
14 16 18 21 22 23 25 27 29 32 33 34 36 48 51 52 53 55 66 67 68 70 82 83 85 1
3 4 6 9 10 11 13 37 39 42 43 44 46 48 51 52 53 55 66 67 68 70 82 83 85 1
15 16 18 21 22 23 25 37 39 42 43 44 46 48 51 52 53 55 66 67 68 70 82 83 85 1
2 5 6 9 10 11 13 28 29 32 33 34 36 56 59 60 61 63 66 67 68 70 82 83 85 1
14 17 18 21 22 23 25 28 29 32 33 34 36 56 59 60 61 63 66 67 68 70 82 83 85 1
3 5 6 9 10 11 13 38 39 42 43 44 46 56 59 60 61 63 66 67 68 70 82 83 85 1
15 17 18 21 22 23 25 38 39 42 43 44 46 56 59 60 61 63 66 67 68 70 82 83 85 1
2 4 7 9 10 11 13 27 30 32 33 34 36 49 51 52 53 55 72 73 74 76 82 83 85 1
14 16 19 21 22 23 25 27 30 32 33 34 36 49 51 52 53 55 72 73 74 76 82 83 85 1
3 4 7 9 10 11 13 37 40 42 43 44 46 49 51 52 53 55 72 73 74 76 82 83 85 1
15 16 19 21 22 23 25 37 40 42 43 44 46 49 51 52 53 55 72 73 74 76 82 83 85 1
2 5 7 9 10 11 13 28 30 32 33 34 36 57 59 60 61 63 72 73 74 76 82 83 85 1
14 17 19 21 22 23 25 28 30 32 33 34 36 57 59 60 61 63 72 73 74 76 82 83 85 1
3 5 7 9 10 11 13 38 40 42 43 44 46 57 59 60 61 63 72 73 74 76 82 83 85 1
15 17 19 21 22 23 25 38 40 42 43 44 46 57 59 60 61 63 72 73 74 76 82 83 85 1
2 4 6 9 10 12 13 27 29 32 33 35 36 48 51 52 54 55 66 67 69 70 82 84 85 1
14 16 18 21 22 24 25 27 29 32 33 35 36 48 51 52 54 55 66 67 69 70 82 84 85 1
3 4 6 9 10 12 13 37 39 42 43 45 46 48 51 52 54 55 66 67 69 70 82 84 85 1
15 16 18 21 22 24 25 37 39 42 43 45 46 48 51 52 54 55 66 67 69 70 82 84 85 1
2 5 6 9 10 12 13 28 29 32 33 35 36 56 59 60 62 63 66 67 69 70 82 84 85 1
14 17 18 21 22 24 25 28 29 32 33 35 36 56 59 60 62 63 66 67 69 70 82 84 85 1
3 5 6 9 10 12 13 38 39 42 43 45 46 56 59 60 62 63 66 67 69 70 82 84 85 1
15 17 18 21 22 24 25 38 39 42 43 45 46 56 59 60 62 63 66 67 69 70 82 84 85 1
2 4 7 9 10 12 13 27 30 32 33 35 36 49 51 52 54 55 72 73 75 76 82 84 85 1
14 16 19 21 22 24 25 27 30 32 33 35 36 49 51 52 54 55 72 73 75 76 82 84 85 1
3 4 7 9 10 12 13 37 40 42 43 45 46 49 51 52 54 55 72 73 75 76 82 84 85 1
15 16 19 21 22 24 25 37 40 42 43 45 46 49 51 52 54 55 72 73 75 76 82 84 85 1
2 5 7 9 10 12 13 28 30 32 33 35 36 57 59 60 62 63 72 73 75 76 82 84 85 1
14 17 19 21 22 24 25 28 30 32 33 35 36 57 59 60 62 63 72 73 75 76 82 84 85 1
3 5 7 9 10 12 13 38 40 42 43 45 46 57 59 60 62 63 72 73 75 76 82 84 85 1
15 17 19 21 22 24 25 38 40 42 43 45 46 57 59 60 62 63 72 73 75 76 82 84 85 1
2 4 6 9 11 12 13 27 29 32 34 35 36 48 51 53 54 55 66 68 69 70 83 84 85 1
14 16 18 21 23 24 25 27 29 32 34 35 36 48 51 53 54 55 66 68 69 70 83 84 85 1
3 4 6 9 11 12 13 37 39 42 44 45 46 48 51 53 54 55 66 68 69 70 83 84 85 1
15 16 18 21 23 24 25 37 39 42 44 45 46 48 51 53 54 55 66 68 69 70 83 84 85 1
2 5 6 9 11 12 13 28 29 32 34 35 36 56 59 61 62 63 66 68 69 70 83 84 85 1
14 17 18 21 23 24 25 28 29 32 34 35 36 56 59 61 62 63 66 68 69 70 83 84 85 1
3 5 6 9 11 12 13 38 39 42 44 45 46 56 59 61 62 63 66 68 69 70 83 84 85 1
15 17 18 21 23 24 25 38 39 42 44 45 46 56 59 61 62 63 66 68 69 70 83 84 85 1
2 4 7 9 11 12 13 27 30 32 34 35 36 49 51 53 54 55 72 74 75 76 83 84 85 1
14 16 19 21 23 24 25 27 30 32 34 35 36 49 51 53 54 55 72 74 75 76 83 84 85 1
3 4 7 9 11 12 13 37 40 42 44 45 46 49 51 53 54 55 72 74 75 76 83 84 85 1
15 16 19 21 23 24 25 37 40 42 44 45 46 49 51 53 54 55 72 74 75 76 83 84 85 1
2 5 7 9 11 12 13 28 30 32 34 35 36 57 59 61 62 63 72 74 75 76 83 84 85 1
14 17 19 21 23 24 25 28 30 32 34 35 36 57 59 61 62 63 72 74 75 76 83 84 85 1
3 5 7 9 11 12 13 38 40 42 44 45 46 57 59 61 62 63 72 74 75 76 83 84 85 1
15 17 19 21 23 24 25 38 40 42 44 45 46 57 59 61 62 63 72 74 75 76 83 84 85 1
2 4 9 10 11 12 13 27 32 33 34 35 36 51 52 53 54 55 82 83 84 85 1
14 16 21 22 23 24 25 27 32 33 34 35 36 51 52 53 54 55 82 83 84 85 1
3 4 9 10 11 12 13 37 42 43 44 45 46 51 52 53 54 55 82 83 84 85 1
15 16 21 22 23 24 25 37 42 43 44 45 46 51 52 53 54 55 82 83 84 85 1
2 5 9 10 11 12 13 28 32 33 34 35 36 59 60 61 62 63 82 83 84 85 1
14 17 21 22 23 24 25 28 32 33 34 35 36 59 60 61 62 63 82 83 84 85 1
3 5 9 10 11 12 13 38 42 43 44 45 46 59 60 61 62 63 82 83 84 85 1
15 17 21 22 23 24 25 38 42 43 44 45 46 59 60 61 62 63 82 83 84 85 1
2 6 9 10 11 12 13 29 32 33 34 35 36 66 67 68 69 70 82 83 84 85 1
14 18 21 22 23 24 25 29 32 33 34 35 36 66 67 68 69 70 82 83 84 85 1
3 6 9 10 11 12 13 39 42 43 44 45 46 66 67 68 69 70 82 83 84 85 1
15 18 21 22 23 24 25 39 42 43 44 45 46 66 67 68 69 70 82 83 84 85 1
4 6 9 10 11 12 13 48 51 52 53 54 55 66 67 68 69 70 82 83 84 85 1
16 18 21 22 23 24 25 48 51 52 53 54 55 66 67 68 69 70 82 83 84 85 1
27 29 32 33 34 35 36 48 51 52 53 54 55 66 67 68 69 70 82 83 84 85 1
37 39 42 43 44 45 46 48 51 52 53 54 55 66 67 68 69 70 82 83 84 85 1
5 6 9 10 11 12 13 56 59 60 61 62 63 66 67 68 69 70 82 83 84 85 1
17 18 21 22 23 24 25 56 59 60 61 62 63 66 67 68 69 70 82 83 84 85 1
28 29 32 33 34 35 36 56 59 60 61 62 63 66 67 68 69 70 82 83 84 85 1
38 39 42 43 44 45 46 56 59 60 61 62 63 66 67 68 69 70 82 83 84 85 1
2 7 9 10 11 12 13 30 32 33 34 35 36 72 73 74 75 76 82 83 84 85 1
14 19 21 22 23 24 25 30 32 33 34 35 36 72 73 74 75 76 82 83 84 85 1
3 7 9 10 11 12 13 40 42 43 44 45 46 72 73 74 75 76 82 83 84 85 1
15 19 21 22 23 24 25 40 42 43 44 45 46 72 73 74 75 76 82 83 84 85 1
4 7 9 10 11 12 13 49 51 52 53 54 55 72 73 74 75 76 82 83 84 85 1
16 19 21 22 23 24 25 49 51 52 53 54 55 72 73 74 75 76 82 83 84 85 1
27 30 32 33 34 35 36 49 51 52 53 54 55 72 73 74 75 76 82 83 84 85 1
37 40 42 43 44 45 46 49 51 52 53 54 55 72 73 74 75 76 82 83 84 85 1
5 7 9 10 11 12 13 57 59 60 61 62 63 72 73 74 75 76 82 83 84 85 1
17 19 21 22 23 24 25 57 59 60 61 62 63 72 73 74 75 76 82 83 84 85 1
28 30 32 33 34 35 36 57 59 60 61 62 63 72 73 74 75 76 82 83 84 85 1
38 40 42 43 44 45 46 57 59 60 61 62 63 72 73 74 75 76 82 83 84 85 1
#
224
2 -12
3 -12
2 3 1
4 -12
2 4 1
3 4 1
5 -12
2 5 1
3 5 1
4 5 1
6 -12
2 6 1
3 6 1
4 6 1
5 6 1
7 -12
2 7 1
3 7 1
4 7 1
5 7 1
6 7 1
8 -7
2 8 1
3 8 1
4 8 1
5 8 1
6 8 1
7 8 1
9 -7
2 9 1
3 9 1
4 9 1
5 9 1
6 9 1
7 9 1
10 -7
2 10 1
3 10 1
4 10 1
5 10 1
6 10 1
7 10 1
11 -7
2 11 1
3 11 1
4 11 1
5 11 1
6 11 1
7 11 1
12 -7
2 12 1
3 12 1
4 12 1
5 12 1
6 12 1
7 12 1
13 -7
2 13 1
3 13 1
4 13 1
5 13 1
6 13 1
7 13 1
14 -12
2 14 1
15 -12
3 15 1
14 15 1
16 -12
4 16 1
14 16 1
15 16 1
17 -12
5 17 1
14 17 1
15 17 1
16 17 1
18 -12
6 18 1
14 18 1
15 18 1
16 18 1
17 18 1
19 -12
7 19 1
14 19 1
15 19 1
16 19 1
17 19 1
18 19 1
20 -7
8 20 1
14 20 1
15 20 1
16 20 1
17 20 1
18 20 1
19 20 1
21 -7
9 21 1
14 21 1
15 21 1
16 21 1
17 21 1
18 21 1
19 21 1
22 -7
10 22 1
14 22 1
15 22 1
16 22 1
17 22 1
18 22 1
19 22 1
23 -7
11 23 1
14 23 1
15 23 1
16 23 1
17 23 1
18 23 1
19 23 1
24 -7
12 24 1
14 24 1
15 24 1
16 24 1
17 24 1
18 24 1
19 24 1
25 -7
13 25 1
14 25 1
15 25 1
16 25 1
17 25 1
18 25 1
19 25 1
27 -12
2 27 1
4 27 1
2 4 27 -1
14 27 1
16 27 1
14 16 27 -1
28 -12
2 28 1
5 28 1
2 5 28 -1
14 28 1
17 28 1
14 17 28 -1
27 28 1
29 -12
2 29 1
6 29 1
2 6 29 -1
14 29 1
18 29 1
14 18 29 -1
27 29 1
28 29 1
30 -12
2 30 1
7 30 1
2 7 30 -1
14 30 1
19 30 1
14 19 30 -1
27 30 1
28 30 1
29 30 1
31 -7
2 31 1
8 31 1
2 8 31 -1
14 31 1
20 31 1
14 20 31 -1
27 31 1
28 31 1
29 31 1
30 31 1
32 -7
2 32 1
9 32 1
2 9 32 -1
14 32 1
21 32 1
14 21 32 -1
27 32 1
28 32 1
29 32 1
30 32 1
33 -7
2 33 1
10 33 1
2 10 33 -1
14 33 1
22 33 1
14 22 33 -1
27 33 1
28 33 1
29 33 1
30 33 1
34 -7
2 34 1
11 34 1
2 11 34 -1
14 34 1
23 34 1
14 23 34 -1
27 34 1
28 34 1
29 34 1
30 34 1
35 -7
2 35 1
12 35 1
2 12 35 -1
14 35 1
24 35 1
14 24 35 -1
27 35 1
28 35 1
29 35 1
30 35 1
36 -7
2 36 1
13 36 1
2 13 36 -1
14 36 1
25 36 1
14 25 36 -1
27 36 1
28 36 1
29 36 1
30 36 1
2 8 9 10 11 12 13 31 32 33 34 35 36 1
14 20 21 22 23 24 25 31 32 33 34 35 36 1
37 -12
3 37 1
4 37 1
3 4 37 -1
15 37 1
16 37 1
15 16 37 -1
27 37 1
38 -12
3 38 1
5 38 1
3 5 38 -1
15 38 1
17 38 1
15 17 38 -1
28 38 1
37 38 1
39 -12
3 39 1
6 39 1
3 6 39 -1
15 39 1
18 39 1
15 18 39 -1
29 39 1
37 39 1
38 39 1
40 -12
3 40 1
7 40 1
3 7 40 -1
15 40 1
19 40 1
15 19 40 -1
30 40 1
37 40 1
38 40 1
39 40 1
41 -7
3 41 1
8 41 1
3 8 41 -1
15 41 1
20 41 1
15 20 41 -1
31 41 1
37 41 1
38 41 1
39 41 1
40 41 1
42 -7
3 42 1
9 42 1
3 9 42 -1
15 42 1
21 42 1
15 21 42 -1
32 42 1
37 42 1
38 42 1
39 42 1
40 42 1
43 -7
3 43 1
10 43 1
3 10 43 -1
15 43 1
22 43 1
15 22 43 -1
33 43 1
37 43 1
38 43 1
39 43 1
40 43 1
44 -7
3 44 1
11 44 1
3 11 44 -1
15 44 1
23 44 1
15 23 44 -1
34 44 1
37 44 1
38 44 1
39 44 1
40 44 1
45 -7
3 45 1
12 45 1
3 12 45 -1
15 45 1
24 45 1
15 24 45 -1
35 45 1
37 45 1
38 45 1
39 45 1
40 45 1
46 -7
3 46 1
13 46 1
3 13 46 -1
15 46 1
25 46 1
15 25 46 -1
36 46 1
37 46 1
38 46 1
39 46 1
40 46 1
3 8 9 10 11 12 13 41 42 43 44 45 46 1
15 20 21 22 23 24 25 41 42 43 44 45 46 1
48 -12
4 48 1
6 48 1
4 6 48 -1
16 48 1
18 48 1
16 18 48 -1
27 48 1
29 48 1
27 29 48 -1
37 48 1
39 48 1
37 39 48 -1
49 -12
4 49 1
7 49 1
4 7 49 -1
16 49 1
19 49 1
16 19 49 -1
27 49 1
30 49 1
27 30 49 -1
37 49 1
40 49 1
37 40 49 -1
48 49 1
50 -7
4 50 1
8 50 1
4 8 50 -1
16 50 1
20 50 1
16 20 50 -1
27 50 1
31 50 1
27 31 50 -1
37 50 1
41 50 1
37 41 50 -1
48 50 1
49 50 1
51 -7
4 51 1
9 51 1
4 9 51 -1
16 51 1
21 51 1
16 21 51 -1
27 51 1
32 51 1
27 32 51 -1
37 51 1
42 51 1
37 42 51 -1
48 51 1
49 51 1
52 -7
4 52 1
10 52 1
4 10 52 -1
16 52 1
22 52 1
16 22 52 -1
27 52 1
33 52 1
27 33 52 -1
37 52 1
43 52 1
37 43 52 -1
48 52 1
49 52 1
53 -7
4 53 1
11 53 1
4 11 53 -1
16 53 1
23 53 1
16 23 53 -1
27 53 1
34 53 1
27 34 53 -1
37 53 1
44 53 1
37 44 53 -1
48 53 1
49 53 1
54 -7
4 54 1
12 54 1
4 12 54 -1
16 54 1
24 54 1
16 24 54 -1
27 54 1
35 54 1
27 35 54 -1
37 54 1
45 54 1
37 45 54 -1
48 54 1
49 54 1
2 4 8 9 10 11 12 27 31 32 33 34 35 50 51 52 53 54 1
14 16 20 21 22 23 24 27 31 32 33 34 35 50 51 52 53 54 1
3 4 8 9 10 11 12 37 41 42 43 44 45 50 51 52 53 54 1
15 16 20 21 22 23 24 37 41 42 43 44 45 50 51 52 53 54 1
55 -7
4 55 1
13 55 1
4 13 55 -1
16 55 1
25 55 1
16 25 55 -1
27 55 1
36 55 1
27 36 55 -1
37 55 1
46 55 1
37 46 55 -1
48 55 1
49 55 1
2 4 8 9 10 11 13 27 31 32 33 34 36 50 51 52 53 55 1
14 16 20 21 22 23 25 27 31 32 33 34 36 50 51 52 53 55 1
3 4 8 9 10 11 13 37 41 42 43 44 46 50 51 52 53 55 1
15 16 20 21 22 23 25 37 41 42 43 44 46 50 51 52 53 55 1
2 4 8 9 10 12 13 27 31 32 33 35 36 50 51 52 54 55 1
14 16 20 21 22 24 25 27 31 32 33 35 36 50 51 52 54 55 1
3 4 8 9 10 12 13 37 41 42 43 45 46 50 51 52 54 55 1
15 16 20 21 22 24 25 37 41 42 43 45 46 50 51 52 54 55 1
2 4 8 9 11 12 13 27 31 32 34 35 36 50 51 53 54 55 1
14 16 20 21 23 24 25 27 31 32 34 35 36 50 51 53 54 55 1
3 4 8 9 11 12 13 37 41 42 44 45 46 50 51 53 54 55 1
15 16 20 21 23 24 25 37 41 42 44 45 46 50 51 53 54 55 1
2 4 8 10 11 12 13 27 31 33 34 35 36 50 52 53 54 55 1
14 16 20 22 23 24 25 27 31 33 34 35 36 50 52 53 54 55 1
3 4 8 10 11 12 13 37 41 43 44 45 46 50 52 53 54 55 1
15 16 20 22 23 24 25 37 41 43 44 45 46 50 52 53 54 55 1
2 4 9 10 11 12 13 27 32 33 34 35 36 51 52 53 54 55 1
14 16 21 22 23 24 25 27 32 33 34 35 36 51 52 53 54 55 1
3 4 9 10 11 12 13 37 42 43 44 45 46 51 52 53 54 55 1
15 16 21 22 23 24 25 37 42 43 44 45 46 51 52 53 54 55 1
4 8 9 10 11 12 13 50 51 52 53 54 55 1
16 20 21 22 23 24 25 50 51 52 53 54 55 1
27 31 32 33 34 35 36 50 51 52 53 54 55 1
37 41 42 43 44 45 46 50 51 52 53 54 55 1
56 -12
5 56 1
6 56 1
5 6 56 -1
17 56 1
18 56 1
17 18 56 -1
28 56 1
29 56 1
28 29 56 -1
38 56 1
39 56 1
38 39 56 -1
48 56 1
57 -12
5 57 1
7 57 1
5 7 57 -1
17 57 1
19 57 1
17 19 57 -1
28 57 1
30 57 1
28 30 57 -1
38 57 1
40 57 1
38 40 57 -1
49 57 1
56 57 1
58 -7
5 58 1
8 58 1
5 8 58 -1
17 58 1
20 58 1
17 20 58 -1
28 58 1
31 58 1
28 31 58 -1
38 58 1
41 58 1
38 41 58 -1
50 58 1
56 58 1
57 58 1
59 -7
5 59 1
9 59 1
5 9 59 -1
17 59 1
21 59 1
17 21 59 -1
28 59 1
32 59 1
28 32 59 -1
38 59 1
42 59 1
38 42 59 -1
51 59 1
56 59 1
57 59 1
60 -7
5 60 1
10 60 1
5 10 60 -1
17 60 1
22 60 1
17 22 60 -1
28 60 1
33 60 1
28 33 60 -1
38 60 1
43 60 1
38 43 60 -1
52 60 1
56 60 1
57 60 1
61 -7
5 61 1
11 61 1
5 11 61 -1
17 61 1
23 61 1
17 23 61 -1
28 61 1
34 61 1
28 34 61 -1
38 61 1
44 61 1
38 44 61 -1
53 61 1
56 61 1
57 61 1
62 -7
5 62 1
12 62 1
5 12 62 -1
17 62 1
24 62 1
17 24 62 -1
28 62 1
35 62 1
28 35 62 -1
38 62 1
45 62 1
38 45 62 -1
54 62 1
56 62 1
57 62 1
2 5 8 9 10 11 12 28 31 32 33 34 35 58 59 60 61 62 1
14 17 20 21 22 23 24 28 31 32 33 34 35 58 59 60 61 62 1
3 5 8 9 10 11 12 38 41 42 43 44 45 58 59 60 61 62 1
15 17 20 21 22 23 24 38 41 42 43 44 45 58 59 60 61 62 1
63 -7
5 63 1
13 63 1
5 13 63 -1
17 63 1
25 63 1
17 25 63 -1
28 63 1
36 63 1
28 36 63 -1
38 63 1
46 63 1
38 46 63 -1
55 63 1
56 63 1
57 63 1
2 5 8 9 10 11 13 28 31 32 33 34 36 58 59 60 61 63 1
14 17 20 21 22 23 25 28 31 32 33 34 36 58 59 60 61 63 1
3 5 8 9 10 11 13 38 41 42 43 44 46 58 59 60 61 63 1
15 17 20 21 22 23 25 38 41 42 43 44 46 58 59 60 61 63 1
2 5 8 9 10 12 13 28 31 32 33 35 36 58 59 60 62 63 1
14 17 20 21 22 24 25 28 31 32 33 35 36 58 59 60 62 63 1
3 5 8 9 10 12 13 38 41 42 43 45 46 58 59 60 62 63 1
15 17 20 21 22 24 25 38 41 42 43 45 46 58 59 60 62 63 1
2 5 8 9 11 12 13 28 31 32 34 35 36 58 59 61 62 63 1
14 17 20 21 23 24 25 28 31 32 34 35 36 58 59 61 62 63 1
3 5 8 9 11 12 13 38 41 42 44 45 46 58 59 61 62 63 1
15 17 20 21 23 24 25 38 41 42 44 45 46 58 59 61 62 63 1
2 5 8 10 11 12 13 28 31 33 34 35 36 58 60 61 62 63 1
14 17 20 22 23 24 25 28 31 33 34 35 36 58 60 61 62 63 1
3 5 8 10 11 12 13 38 41 43 44 45 46 58 60 61 62 63 1
15 17 20 22 23 24 25 38 41 43 44 45 46 58 60 61 62 63 1
2 5 9 10 11 12 13 28 32 33 34 35 36 59 60 61 62 63 1
14 17 21 22 23 24 25 28 32 33 34 35 36 59 60 61 62 63 1
3 5 9 10 11 12 13 38 42 43 44 45 46 59 60 61 62 63 1
15 17 21 22 23 24 25 38 42 43 44 45 46 59 60 61 62 63 1
5 8 9 10 11 12 13 58 59 60 61 62 63 1
17 20 21 22 23 24 25 58 59 60 61 62 63 1
28 31 32 33 34 35 36 58 59 60 61 62 63 1
38 41 42 43 44 45 46 58 59 60 61 62 63 1
65 -7
6 65 1
8 65 1
6 8 65 -1
18 65 1
20 65 1
18 20 65 -1
29 65 1
31 65 1
29 31 65 -1
39 65 1
41 65 1
39 41 65 -1
48 65 1
50 65 1
48 50 65 -1
56 65 1
58 65 1
56 58 65 -1
66 -7
6 66 1
9 66 1
6 9 66 -1
18 66 1
21 66 1
18 21 66 -1
29 66 1
32 66 1
29 32 66 -1
39 66 1
42 66 1
39 42 66 -1
48 66 1
51 66 1
48 51 66 -1
56 66 1
59 66 1
56 59 66 -1
67 -7
6 67 1
10 67 1
6 10 67 -1
18 67 1
22 67 1
18 22 67 -1
29 67 1
33 67 1
29 33 67 -1
39 67 1
43 67 1
39 43 67 -1
48 67 1
52 67 1
48 52 67 -1
56 67 1
60 67 1
56 60 67 -1
68 -7
6 68 1
11 68 1
6 11 68 -1
18 68 1
23 68 1
18 23 68 -1
29 68 1
34 68 1
29 34 68 -1
39 68 1
44 68 1
39 44 68 -1
48 68 1
53 68 1
48 53 68 -1
56 68 1
61 68 1
56 61 68 -1
2 4 6 8 9 10 11 27 29 31 32 33 34 48 50 51 52 53 65 66 67 68 1
14 16 18 20 21 22 23 27 29 31 32 33 34 48 50 51 52 53 65 66 67 68 1
3 4 6 8 9 10 11 37 39 41 42 43 44 48 50 51 52 53 65 66 67 68 1
15 16 18 20 21 22 23 37 39 41 42 43 44 48 50 51 52 53 65 66 67 68 1
2 5 6 8 9 10 11 28 29 31 32 33 34 56 58 59 60 61 65 66 67 68 1
14 17 18 20 21 22 23 28 29 31 32 33 34 56 58 59 60 61 65 66 67 68 1
3 5 6 8 9 10 11 38 39 41 42 43 44 56 58 59 60 61 65 66 67 68 1
15 17 18 20 21 22 23 38 39 41 42 43 44 56 58 59 60 61 65 66 67 68 1
69 -7
6 69 1
12 69 1
6 12 69 -1
18 69 1
24 69 1
18 24 69 -1
29 69 1
35 69 1
29 35 69 -1
39 69 1
45 69 1
39 45 69 -1
48 69 1
54 69 1
48 54 69 -1
56 69 1
62 69 1
56 62 69 -1
2 4 6 8 9 10 12 27 29 31 32 33 35 48 50 51 52 54 65 66 67 69 1
14 16 18 20 21 22 24 27 29 31 32 33 35 48 50 51 52 54 65 66 67 69 1
3 4 6 8 9 10 12 37 39 41 42 43 45 48 50 51 52 54 65 66 67 69 1
15 16 18 20 21 22 24 37 39 41 42 43 45 48 50 51 52 54 65 66 67 69 1
2 5 6 8 9 10 12 28 29 31 32 33 35 56 58 59 60 62 65 66 67 69 1
14 17 18 20 21 22 24 28 29 31 32 33 35 56 58 59 60 62 65 66 67 69 1
3 5 6 8 9 10 12 38 39 41 42 43 45 56 58 59 60 62 65 66 67 69 1
15 17 18 20 21 22 24 38 39 41 42 43 45 56 58 59 60 62 65 66 67 69 1
2 4 6 8 9 11 12 27 29 31 32 34 35 48 50 51 53 54 65 66 68 69 1
14 16 18 20 21 23 24 27 29 31 32 34 35 48 50 51 53 54 65 66 68 69 1
3 4 6 8 9 11 12 37 39 41 42 44 45 48 50 51 53 54 65 66 68 69 1
15 16 18 20 21 23 24 37 39 41 42 44 45 48 50 51 53 54 65 66 68 69 1
2 5 6 8 9 11 12 28 29 31 32 34 35 56 58 59 61 62 65 66 68 69 1
14 17 18 20 21 23 24 28 29 31 32 34 35 56 58 59 61 62 65 66 68 69 1
3 5 6 8 9 11 12 38 39 41 42 44 45 56 58 59 61 62 65 66 68 69 1
15 17 18 20 21 23 24 38 39 41 42 44 45 56 58 59 61 62 65 66 68 69 1
2 4 6 8 10 11 12 27 29 31 33 34 35 48 50 52 53 54 65 67 68 69 1
14 16 18 20 22 23 24 27 29 31 33 34 35 48 50 52 53 54 65 67 68 69 1
3 4 6 8 10 11 12 37 39 41 43 44 45 48 50 52 53 54 65 67 68 69 1
15 16 18 20 22 23 24 37 39 41 43 44 45 48 50 52 53 54 65 67 68 69 1
2 5 6 8 10 11 12 28 29 31 33 34 35 56 58 60 61 62 65 67 68 69 1
14 17 18 20 22 23 24 28 29 31 33 34 35 56 58 60 61 62 65 67 68 69 1
3 5 6 8 10 11 12 38 39 41 43 44 45 56 58 60 61 62 65 67 68 69 1
15 17 18 20 22 23 24 38 39 41 43 44 45 56 58 60 61 62 65 67 68 69 1
2 4 6 9 10 11 12 27 29 32 33 34 35 48 51 52 53 54 66 67 68 69 1
14 16 18 21 22 23 24 27 29 32 33 34 35 48 51 52 53 54 66 67 68 69 1
3 4 6 9 10 11 12 37 39 42 43 44 45 48 51 52 53 54 66 67 68 69 1
15 16 18 21 22 23 24 37 39 42 43 44 45 48 51 52 53 54 66 67 68 69 1
2 5 6 9 10 11 12 28 29 32 33 34 35 56 59 60 61 62 66 67 68 69 1
14 17 18 21 22 23 24 28 29 32 33 34 35 56 59 60 61 62 66 67 68 69 1
3 5 6 9 10 11 12 38 39 42 43 44 45 56 59 60 61 62 66 67 68 69 1
15 17 18 21 22 23 24 38 39 42 43 44 45 56 59 60 61 62 66 67 68 69 1
2 6 8 9 10 11 12 29 31 32 33 34 35 65 66 67 68 69 1
14 18 20 21 22 23 24 29 31 32 33 34 35 65 66 67 68 69 1
3 6 8 9 10 11 12 39 41 42 43 44 45 65 66 67 68 69 1
15 18 20 21 22 23 24 39 41 42 43 44 45 65 66 67 68 69 1
4 6 8 9 10 11 12 48 50 51 52 53 54 65 66 67 68 69 1
16 18 20 21 22 23 24 48 50 51 52 53 54 65 66 67 68 69 1
27 29 31 32 33 34 35 48 50 51 52 53 54 65 66 67 68 69 1
37 39 41 42 43 44 45 48 50 51 52 53 54 65 66 67 68 69 1
5 6 8 9 10 11 12 56 58 59 60 61 62 65 66 67 68 69 1
17 18 20 21 22 23 24 56 58 59 60 61 62 65 66 67 68 69 1
28 29 31 32 33 34 35 56 58 59 60 61 62 65 66 67 68 69 1
38 39 41 42 43 44 45 56 58 59 60 61 62 65 66 67 68 69 1
70 -7
6 70 1
13 70 1
6 13 70 -1
18 70 1
25 70 1
18 25 70 -1
29 70 1
36 70 1
29 36 70 -1
39 70 1
46 70 1
39 46 70 -1
48 70 1
55 70 1
48 55 70 -1
56 70 1
63 70 1
56 63 70 -1
2 4 6 8 9 10 13 27 29 31 32 33 36 48 50 51 52 55 65 66 67 70 1
14 16 18 20 21 22 25 27 29 31 32 33 36 48 50 51 52 55 65 66 67 70 1
3 4 6 8 9 10 13 37 39 41 42 43 46 48 50 51 52 55 65 66 67 70 1
15 16 18 20 21 22 25 37 39 41 42 43 46 48 50 51 52 55 65 66 67 70 1
2 5 6 8 9 10 13 28 29 31 32 33 36 56 58 59 60 63 65 66 67 70 1
14 17 18 20 21 22 25 28 29 31 32 33 36 56 58 59 60 63 65 66 67 70 1
3 5 6 8 9 10 13 38 39 41 42 43 46 56 58 59 60 63 65 66 67 70 1
15 17 18 20 21 22 25 38 39 41 42 43 46 56 58 59 60 63 65 66 67 70 1
2 4 6 8 9 11 13 27 29 31 32 34 36 48 50 51 53 55 65 66 68 70 1
14 16 18 20 21 23 25 27 29 31 32 34 36 48 50 51 53 55 65 66 68 70 1
3 4 6 8 9 11 13 37 39 41 42 44 46 48 50 51 53 55 65 66 68 70 1
15 16 18 20 21 23 25 37 39 41 42 44 46 48 50 51 53 55 65 66 68 70 1
2 5 6 8 9 11 13 28 29 31 32 34 36 56 58 59 61 63 65 66 68 70 1
14 17 18 20 21 23 25 28 29 31 32 34 36 56 58 59 61 63 65 66 68 70 1
3 5 6 8 9 11 13 38 39 41 42 44 46 56 58 59 61 63 65 66 68 70 1
15 17 18 20 21 23 25 38 39 41 42 44 46 56 58 59 61 63 65 66 68 70 1
2 4 6 8 10 11 13 27 29 31 33 34 36 48 50 52 53 55 65 67 68 70 1
14 16 18 20 22 23 25 27 29 31 33 34 36 48 50 52 53 55 65 67 68 70 1
3 4 6 8 10 11 13 37 39 41 43 44 46 48 50 52 53 55 65 67 68 70 1
15 16 18 20 22 23 25 37 39 41 43 44 46 48 50 52 53 55 65 67 68 70 1
2 5 6 8 10 11 13 28 29 31 33 34 36 56 58 60 61 63 65 67 68 70 1
14 17 18 20 22 23 25 28 29 31 33 34 36 56 58 60 61 63 65 67 68 70 1
3 5 6 8 10 11 13 38 39 41 43 44 46 56 58 60 61 63 65 67 68 70 1
15 17 18 20 22 23 25 38 39 41 43 44 46 56 58 60 61 63 65 67 68 70 1
2 4 6 9 10 11 13 27 29 32 33 34 36 48 51 52 53 55 66 67 68 70 1
14 16 18 21 22 23 25 27 29 32 33 34 36 48 51 52 53 55 66 67 68 70 1
3 4 6 9 10 11 13 37 39 42 43 44 46 48 51 52 53 55 66 67 68 70 1
15 16 18 21 22 23 25 37 39 42 43 44 46 48 51 52 53 55 66 67 68 70 1
2 5 6 9 10 11 13 28 29 32 33 34 36 56 59 60 61 63 66 67 68 70 1
14 17 18 21 22 23 25 28 29 32 33 34 36 56 59 60 61 63 66 67 68 70 1
3 5 6 9 10 11 13 38 39 42 43 44 46 56 59 60 61 63 66 67 68 70 1
15 17 18 21 22 23 25 38 39 42 43 44 46 56 59 60 61 63 66 67 68 70 1
2 6 8 9 10 11 13 29 31 32 33 34 36 65 66 67 68 70 1
14 18 20 21 22 23 25 29 31 32 33 34 36 65 66 67 68 70 1
3 6 8 9 10 11 13 39 41 42 43 44 46 65 66 67 68 70 1
15 18 20 21 22 23 25 39 41 42 43 44 46 65 66 67 68 70 1
4 6 8 9 10 11 13 48 50 51 52 53 55 65 66 67 68 70 1
16 18 20 21 22 23 25 48 50 51 52 53 55 65 66 67 68 70 1
27 29 31 32 33 34 36 48 50 51 52 53 55 65 66 67 68 70 1
37 39 41 42 43 44 46 48 50 51 52 53 55 65 66 67 68 70 1
5 6 8 9 10 11 13 56 58 59 60 61 63 65 66 67 68 70 1
17 18 20 21 22 23 25 56 58 59 60 61 63 65 66 67 68 70 1
28 29 31 32 33 34 36 56 58 59 60 61 63 65 66 67 68 70 1
38 39 41 42 43 44 46 56 58 59 60 61 63 65 66 67 68 70 1
2 4 6 8 9 12 13 27 29 31 32 35 36 48 50 51 54 55 65 66 69 70 1
14 16 18 20 21 24 25 27 29 31 32 35 36 48 50 51 54 55 65 66 69 70 1
3 4 6 8 9 12 13 37 39 41 42 45 46 48 50 51 54 55 65 66 69 70 1
15 16 18 20 21 24 25 37 39 41 42 45 46 48 50 51 54 55 65 66 69 70 1
2 5 6 8 9 12 13 28 29 31 32 35 36 56 58 59 62 63 65 66 69 70 1
14 17 18 20 21 24 25 28 29 31 32 35 36 56 58 59 62 63 65 66 69 70 1
3 5 6 8 9 12 13 38 39 41 42 45 46 56 58 59 62 63 65 66 69 70 1
15 17 18 20 21 24 25 38 39 41 42 45 46 56 58 59 62 63 65 66 69 70 1
2 4 6 8 10 12 13 27 29 31 33 35 36 48 50 52 54 55 65 67 69 70 1
14 16 18 20 22 24 25 27 29 31 33 35 36 48 50 52 54 55 65 67 69 70 1
3 4 6 8 10 12 13 37 39 41 43 45 46 48 50 52 54 55 65 67 69 70 1
15 16 18 20 22 24 25 37 39 41 43 45 46 48 50 52 54 55 65 67 69 70 1
2 5 6 8 10 12 13 28 29 31 33 35 36 56 58 60 62 63 65 67 69 70 1
14 17 18 20 22 24 25 28 29 31 33 35 36 56 58 60 62 63 65 67 69 70 1
3 5 6 8 10 12 13 38 39 41 43 45 46 56 58 60 62 63 65 67 69 70 1
15 17 18 20 22 24 25 38 39 41 43 45 46 56 58 60 62 63 65 67 69 70 1
2 4 6 9 10 12 13 27 29 32 33 35 36 48 51 52 54 55 66 67 69 70 1
14 16 18 21 22 24 25 27 29 32 33 35 36 48 51 52 54 55 66 67 69 70 1
3 4 6 9 10 12 13 37 39 42 43 45 46 48 51 52 54 55 66 67 69 70 1
15 16 18 21 22 24 25 37 39 42 43 45 46 48 51 52 54 55 66 67 69 70 1
2 5 6 9 10 12 13 28 29 32 33 35 36 56 59 60 62 63 66 67 69 70 1
14 17 18 21 22 24 25 28 29 32 33 35 36 56 59 60 62 63 66 67 69 70 1
3 5 6 9 10 12 13 38 39 42 43 45 46 56 59 60 62 63 66 67 69 70 1
15 17 18 21 22 24 25 38 39 42 43 45 46 56 59 60 62 63 66 67 69 70 1
2 6 8 9 10 12 13 29 31 32 33 35 36 65 66 67 69 70 1
14 18 20 21 22 24 25 29 31 32 33 35 36 65 66 67 69 70 1
3 6 8 9 10 12 13 39 41 42 43 45 46 65 66 67 69 70 1
15 18 20 21 22 24 25 39 41 42 43 45 46 65 66 67 69 70 1
4 6 8 9 10 12 13 48 50 51 52 54 55 65 66 67 69 70 1
16 18 20 21 22 24 25 48 50 51 52 54 55 65 66 67 69 70 1
27 29 31 32 33 35 36 48 50 51 52 54 55 65 66 67 69 70 1
37 39 41 42 43 45 46 48 50 51 52 54 55 65 66 67 69 70 1
5 6 8 9 10 12 13 56 58 59 60 62 63 65 66 67 69 70 1
17 18 20 21 22 24 25 56 58 59 60 62 63 65 66 67 69 70 1
28 29 31 32 33 35 36 56 58 59 60 62 63 65 66 67 69 70 1
38 39 41 42 43 45 46 56 58 59 60 62 63 65 66 67 69 70 1
2 4 6 8 11 12 13 27 29 31 34 35 36 48 50 53 54 55 65 68 69 70 1
14 16 18 20 23 24 25 27 29 31 34 35 36 48 50 53 54 55 65 68 69 70 1
3 4 6 8 11 12 13 37 39 41 44 45 46 48 50 53 54 55 65 68 69 70 1
15 16 18 20 23 24 25 37 39 41 44 45 46 48 50 53 54 55 65 68 69 70 1
2 5 6 8 11 12 13 28 29 31 34 35 36 56 58 61 62 63 65 68 69 70 1
14 17 18 20 23 24 25 28 29 31 34 35 36 56 58 61 62 63 65 68 69 70 1
3 5 6 8 11 12 13 38 39 41 44 45 46 56 58 61 62 63 65 68 69 70 1
15 17 18 20 23 24 25 38 39 41 44 45 46 56 58 61 62 63 65 68 69 70 1
2 4 6 9 11 12 13 27 29 32 34 35 36 48 51 53 54 55 66 68 69 70 1
14 16 18 21 23 24 25 27 29 32 34 35 36 48 51 53 54 55 66 68 69 70 1
3 4 6 9 11 12 13 37 39 42 44 45 46 48 51 53 54 55 66 68 69 70 1
15 16 18 21 23 24 25 37 39 42 44 45 46 48 51 53 54 55 66 68 69 70 1
2 5 6 9 11 12 13 28 29 32 34 35 36 56 59 61 62 63 66 68 69 70 1
14 17 18 21 23 24 25 28 29 32 34 35 36 56 59 61 62 63 66 68 69 70 1
3 5 6 9 11 12 13 38 39 42 44 45 46 56 59 61 62 63 66 68 69 70 1
15 17 18 21 23 24 25 38 39 42 44 45 46 56 59 61 62 63 66 68 69 70 1
2 6 8 9 11 12 13 29 31 32 34 35 36 65 66 68 69 70 1
14 18 20 21 23 24 25 29 31 32 34 35 36 65 66 68 69 70 1
3 6 8 9 11 12 13 39 41 42 44 45 46 65 66 68 69 70 1
15 18 20 21 23 24 25 39 41 42 44 45 46 65 66 68 69 70 1
4 6 8 9 11 12 13 48 50 51 53 54 55 65 66 68 69 70 1
16 18 20 21 23 24 25 48 50 51 53 54 55 65 66 68 69 70 1
27 29 31 32 34 35 36 48 50 51 53 54 55 65 66 68 69 70 1
37 39 41 42 44 45 46 48 50 51 53 54 55 65 66 68 69 70 1
5 6 8 9 11 12 13 56 58 59 61 62 63 65 66 68 69 70 1
17 18 20 21 23 24 25 56 58 59 61 62 63 65 66 68 69 70 1
28 29 31 32 34 35 36 56 58 59 61 62 63 65 66 68 69 70 1
38 39 41 42 44 45 46 56 58 59 61 62 63 65 66 68 69 70 1
2 4 6 10 11 12 13 27 29 33 34 35 36 48 52 53 54 55 67 68 69 70 1
14 16 18 22 23 24 25 27 29 33 34 35 36 48 52 53 54 55 67 68 69 70 1
3 4 6 10 11 12 13 37 39 43 44 45 46 48 52 53 54 55 67 68 69 70 1
15 16 18 22 23 24 25 37 39 43 44 45 46 48 52 53 54 55 67 68 69 70 1
2 5 6 10 11 12 13 28 29 33 34 35 36 56 60 61 62 63 67 68 69 70 1
14 17 18 22 23 24 25 28 29 33 34 35 36 56 60 61 62 63 67 68 69 70 1
3 5 6 10 11 12 13 38 39 43 44 45 46 56 60 61 62 63 67 68 69 70 1
15 17 18 22 23 24 25 38 39 43 44 45 46 56 60 61 62 63 67 68 69 70 1
2 6 8 10 11 12 13 29 31 33 34 35 36 65 67 68 69 70 1
14 18 20 22 23 24 25 29 31 33 34 35 36 65 67 68 69 70 1
3 6 8 10 11 12 13 39 41 43 44 45 46 65 67 68 69 70 1
15 18 20 22 23 24 25 39 41 43 44 45 46 65 67 68 69 70 1
4 6 8 10 11 12 13 48 50 52 53 54 55 65 67 68 69 70 1
16 18 20 22 23 24 25 48 50 52 53 54 55 65 67 68 69 70 1
27 29 31 33 34 35 36 48 50 52 53 54 55 65 67 68 69 70 1
37 39 41 43 44 45 46 48 50 52 53 54 55 65 67 68 69 70 1
5 6 8 10 11 12 13 56 58 60 61 62 63 65 67 68 69 70 1
17 18 20 22 23 24 25 56 58 60 61 62 63 65 67 68 69 70 1
28 29 31 33 34 35 36 56 58 60 61 62 63 65 67 68 69 70 1
38 39 41 43 44 45 46 56 58 60 61 62 63 65 67 68 69 70 1
2 6 9 10 11 12 13 29 32 33 34 35 36 66 67 68 69 70 1
14 18 21 22 23 24 25 29 32 33 34 35 36 66 67 68 69 70 1
3 6 9 10 11 12 13 39 42 43 44 45 46 66 67 68 69 70 1
15 18 21 22 23 24 25 39 42 43 44 45 46 66 67 68 69 70 1
4 6 9 10 11 12 13 48 51 52 53 54 55 66 67 68 69 70 1
16 18 21 22 23 24 25 48 51 52 53 54 55 66 67 68 69 70 1
27 29 32 33 34 35 36 48 51 52 53 54 55 66 67 68 69 70 1
37 39 42 43 44 45 46 48 51 52 53 54 55 66 67 68 69 70 1
5 6 9 10 11 12 13 56 59 60 61 62 63 66 67 68 69 70 1
17 18 21 22 23 24 25 56 59 60 61 62 63 66 67 68 69 70 1
28 29 32 33 34 35 36 56 59 60 61 62 63 66 67 68 69 70 1
38 39 42 43 44 45 46 56 59 60 61 62 63 66 67 68 69 70 1
6 8 9 10 11 12 13 65 66 67 68 69 70 1
18 20 21 22 23 24 25 65 66 67 68 69 70 1
29 31 32 33 34 35 36 65 66 67 68 69 70 1
39 41 42 43 44 45 46 65 66 67 68 69 70 1
48 50 51 52 53 54 55 65 66 67 68 69 70 1
56 58 59 60 61 62 63 65 66 67 68 69 70 1
71 -7
7 71 1
8 71 1
7 8 71 -1
19 71 1
20 71 1
19 20 71 -1
30 71 1
31 71 1
30 31 71 -1
40 71 1
41 71 1
40 41 71 -1
49 71 1
50 71 1
49 50 71 -1
57 71 1
58 71 1
57 58 71 -1
65 71 1
72 -7
7 72 1
9 72 1
7 9 72 -1
19 72 1
21 72 1
19 21 72 -1
30 72 1
32 72 1
30 32 72 -1
40 72 1
42 72 1
40 42 72 -1
49 72 1
51 72 1
49 51 72 -1
57 72 1
59 72 1
57 59 72 -1
66 72 1
73 -7
7 73 1
10 73 1
7 10 73 -1
19 73 1
22 73 1
19 22 73 -1
30 73 1
33 73 1
30 33 73 -1
40 73 1
43 73 1
40 43 73 -1
49 73 1
52 73 1
49 52 73 -1
57 73 1
60 73 1
57 60 73 -1
67 73 1
74 -7
7 74 1
11 74 1
7 11 74 -1
19 74 1
23 74 1
19 23 74 -1
30 74 1
34 74 1
30 34 74 -1
40 74 1
44 74 1
40 44 74 -1
49 74 1
53 74 1
49 53 74 -1
57 74 1
61 74 1
57 61 74 -1
68 74 1
2 4 7 8 9 10 11 27 30 31 32 33 34 49 50 51 52 53 71 72 73 74 1
14 16 19 20 21 22 23 27 30 31 32 33 34 49 50 51 52 53 71 72 73 74 1
3 4 7 8 9 10 11 37 40 41 42 43 44 49 50 51 52 53 71 72 73 74 1
15 16 19 20 21 22 23 37 40 41 42 43 44 49 50 51 52 53 71 72 73 74 1
2 5 7 8 9 10 11 28 30 31 32 33 34 57 58 59 60 61 71 72 73 74 1
14 17 19 20 21 22 23 28 30 31 32 33 34 57 58 59 60 61 71 72 73 74 1
3 5 7 8 9 10 11 38 40 41 42 43 44 57 58 59 60 61 71 72 73 74 1
15 17 19 20 21 22 23 38 40 41 42 43 44 57 58 59 60 61 71 72 73 74 1
75 -7
7 75 1
12 75 1
7 12 75 -1
19 75 1
24 75 1
19 24 75 -1
30 75 1
35 75 1
30 35 75 -1
40 75 1
45 75 1
40 45 75 -1
49 75 1
54 75 1
49 54 75 -1
57 75 1
62 75 1
57 62 75 -1
69 75 1
2 4 7 8 9 10 12 27 30 31 32 33 35 49 50 51 52 54 71 72 73 75 1
14 16 19 20 21 22 24 27 30 31 32 33 35 49 50 51 52 54 71 72 73 75 1
3 4 7 8 9 10 12 37 40 41 42 43 45 49 50 51 52 54 71 72 73 75 1
15 16 19 20 21 22 24 37 40 41 42 43 45 49 50 51 52 54 71 72 73 75 1
2 5 7 8 9 10 12 28 30 31 32 33 35 57 58 59 60 62 71 72 73 75 1
14 17 19 20 21 22 24 28 30 31 32 33 35 57 58 59 60 62 71 72 73 75 1
3 5 7 8 9 10 12 38 40 41 42 43 45 57 58 59 60 62 71 72 73 75 1
15 17 19 20 21 22 24 38 40 41 42 43 45 57 58 59 60 62 71 72 73 75 1
2 4 7 8 9 11 12 27 30 31 32 34 35 49 50 51 53 54 71 72 74 75 1
14 16 19 20 21 23 24 27 30 31 32 34 35 49 50 51 53 54 71 72 74 75 1
3 4 7 8 9 11 12 37 40 41 42 44 45 49 50 51 53 54 71 72 74 75 1
15 16 19 20 21 23 24 37 40 41 42 44 45 49 50 51 53 54 71 72 74 75 1
2 5 7 8 9 11 12 28 30 31 32 34 35 57 58 59 61 62 71 72 74 75 1
14 17 19 20 21 23 24 28 30 31 32 34 35 57 58 59 61 62 71 72 74 75 1
3 5 7 8 9 11 12 38 40 41 42 44 45 57 58 59 61 62 71 72 74 75 1
15 17 19 20 21 23 24 38 40 41 42 44 45 57 58 59 61 62 71 72 74 75 1
2 4 7 8 10 11 12 27 30 31 33 34 35 49 50 52 53 54 71 73 74 75 1
14 16 19 20 22 23 24 27 30 31 33 34 35 49 50 52 53 54 71 73 74 75 1
3 4 7 8 10 11 12 37 40 41 43 44 45 49 50 52 53 54 71 73 74 75 1
15 16 19 20 22 23 24 37 40 41 43 44 45 49 50 52 53 54 71 73 74 75 1
2 5 7 8 10 11 12 28 30 31 33 34 35 57 58 60 61 62 71 73 74 75 1
14 17 19 20 22 23 24 28 30 31 33 34 35 57 58 60 61 62 71 73 74 75 1
3 5 7 8 10 11 12 38 40 41 43 44 45 57 58 60 61 62 71 73 74 75 1
15 17 19 20 22 23 24 38 40 41 43 44 45 57 58 60 61 62 71 73 74 75 1
2 4 7 9 10 11 12 27 30 32 33 34 35 49 51 52 53 54 72 73 74 75 1
14 16 19 21 22 23 24 27 30 32 33 34 35 49 51 52 53 54 72 73 74 75 1
3 4 7 9 10 11 12 37 40 42 43 44 45 49 51 52 53 54 72 73 74 75 1
15 16 19 21 22 23 24 37 40 42 43 44 45 49 51 52 53 54 72 73 74 75 1
2 5 7 9 10 11 12 28 30 32 33 34 35 57 59 60 61 62 72 73 74 75 1
14 17 19 21 22 23 24 28 30 32 33 34 35 57 59 60 61 62 72 73 74 75 1
3 5 7 9 10 11 12 38 40 42 43 44 45 57 59 60 61 62 72 73 74 75 1
15 17 19 21 22 23 24 38 40 42 43 44 45 57 59 60 61 62 72 73 74 75 1
2 7 8 9 10 11 12 30 31 32 33 34 35 71 72 73 74 75 1
14 19 20 21 22 23 24 30 31 32 33 34 35 71 72 73 74 75 1
3 7 8 9 10 11 12 40 41 42 43 44 45 71 72 73 74 75 1
15 19 20 21 22 23 24 40 41 42 43 44 45 71 72 73 74 75 1
4 7 8 9 10 11 12 49 50 51 52 53 54 71 72 73 74 75 1
16 19 20 21 22 23 24 49 50 51 52 53 54 71 72 73 74 75 1
27 30 31 32 33 34 35 49 50 51 52 53 54 71 72 73 74 75 1
37 40 41 42 43 44 45 49 50 51 52 53 54 71 72 73 74 75 1
5 7 8 9 10 11 12 57 58 59 60 61 62 71 72 73 74 75 1
17 19 20 21 22 23 24 57 58 59 60 61 62 71 72 73 74 75 1
28 30 31 32 33 34 35 57 58 59 60 61 62 71 72 73 74 75 1
38 40 41 42 43 44 45 57 58 59 60 61 62 71 72 73 74 75 1
76 -7
7 76 1
13 76 1
7 13 76 -1
19 76 1
25 76 1
19 25 76 -1
30 76 1
36 76 1
30 36 76 -1
40 76 1
46 76 1
40 46 76 -1
49 76 1
55 76 1
49 55 76 -1
57 76 1
63 76 1
57 63 76 -1
70 76 1
2 4 7 8 9 10 13 27 30 31 32 33 36 49 50 51 52 55 71 72 73 76 1
14 16 19 20 21 22 25 27 30 31 32 33 36 49 50 51 52 55 71 72 73 76 1
3 4 7 8 9 10 13 37 40 41 42 43 46 49 50 51 52 55 71 72 73 76 1
15 16 19 20 21 22 25 37 40 41 42 43 46 49 50 51 52 55 71 72 73 76 1
2 5 7 8 9 10 13 28 30 31 32 33 36 57 58 59 60 63 71 72 73 76 1
14 17 19 20 21 22 25 28 30 31 32 33 36 57 58 59 60 63 71 72 73 76 1
3 5 7 8 9 10 13 38 40 41 42 43 46 57 58 59 60 63 71 72 73 76 1
15 17 19 20 21 22 25 38 40 41 42 43 46 57 58 59 60 63 71 72 73 76 1
2 4 7 8 9 11 13 27 30 31 32 34 36 49 50 51 53 55 71 72 74 76 1
14 16 19 20 21 23 25 27 30 31 32 34 36 49 50 51 53 55 71 72 74 76 1
3 4 7 8 9 11 13 37 40 41 42 44 46 49 50 51 53 55 71 72 74 76 1
15 16 19 20 21 23 25 37 40 41 42 44 46 49 50 51 53 55 71 72 74 76 1
2 5 7 8 9 11 13 28 30 31 32 34 36 57 58 59 61 63 71 72 74 76 1
14 17 19 20 21 23 25 28 30 31 32 34 36 57 58 59 61 63 71 72 74 76 1
3 5 7 8 9 11 13 38 40 41 42 44 46 57 58 59 61 63 71 72 74 76 1
15 17 19 20 21 23 25 38 40 41 42 44 46 57 58 59 61 63 71 72 74 76 1
2 4 7 8 10 11 13 27 30 31 33 34 36 49 50 52 53 55 71 73 74 76 1
14 16 19 20 22 23 25 27 30 31 33 34 36 49 50 52 53 55 71 73 74 76 1
3 4 7 8 10 11 13 37 40 41 43 44 46 49 50 52 53 55 71 73 74 76 1
15 16 19 20 22 23 25 37 40 41 43 44 46 49 50 52 53 55 71 73 74 76 1
2 5 7 8 10 11 13 28 30 31 33 34 36 57 58 60 61 63 71 73 74 76 1
14 17 19 20 22 23 25 28 30 31 33 34 36 57 58 60 61 63 71 73 74 76 1
3 5 7 8 10 11 13 38 40 41 43 44 46 57 58 60 61 63 71 73 74 76 1
15 17 19 20 22 23 25 38 40 41 43 44 46 57 58 60 61 63 71 73 74 76 1
2 4 7 9 10 11 13 27 30 32 33 34 36 49 51 52 53 55 72 73 74 76 1
14 16 19 21 22 23 25 27 30 32 33 34 36 49 51 52 53 55 72 73 74 76 1
3 4 7 9 10 11 13 37 40 42 43 44 46 49 51 52 53 55 72 73 74 76 1
15 16 19 21 22 23 25 37 40 42 43 44 46 49 51 52 53 55 72 73 74 76 1
2 5 7 9 10 11 13 28 30 32 33 34 36 57 59 60 61 63 72 73 74 76 1
14 17 19 21 22 23 25 28 30 32 33 34 36 57 59 60 61 63 72 73 74 76 1
3 5 7 9 10 11 13 38 40 42 43 44 46 57 59 60 61 63 72 73 74 76 1
15 17 19 21 22 23 25 38 40 42 43 44 46 57 59 60 61 63 72 73 74 76 1
2 7 8 9 10 11 13 30 31 32 33 34 36 71 72 73 74 76 1
14 19 20 21 22 23 25 30 31 32 33 34 36 71 72 73 74 76 1
3 7 8 9 10 11 13 40 41 42 43 44 46 71 72 73 74 76 1
15 19 20 21 22 23 25 40 41 42 43 44 46 71 72 73 74 76 1
4 7 8 9 10 11 13 49 50 51 52 53 55 71 72 73 74 76 1
16 19 20 21 22 23 25 49 50 51 52 53 55 71 72 73 74 76 1
27 30 31 32 33 34 36 49 50 51 52 53 55 71 72 73 74 76 1
37 40 41 42 43 44 46 49 50 51 52 53 55 71 72 73 74 76 1
5 7 8 9 10 11 13 57 58 59 60 61 63 71 72 73 74 76 1
17 19 20 21 22 23 25 57 58 59 60 61 63 71 72 73 74 76 1
28 30 31 32 33 34 36 57 58 59 60 61 63 71 72 73 74 76 1
38 40 41 42 43 44 46 57 58 59 60 61 63 71 72 73 74 76 1
2 4 7 8 9 12 13 27 30 31 32 35 36 49 50 51 54 55 71 72 75 76 1
14 16 19 20 21 24 25 27 30 31 32 35 36 49 50 51 54 55 71 72 75 76 1
3 4 7 8 9 12 13 37 40 41 42 45 46 49 50 51 54 55 71 72 75 76 1
15 16 19 20 21 24 25 37 40 41 42 45 46 49 50 51 54 55 71 72 75 76 1
2 5 7 8 9 12 13 28 30 31 32 35 36 57 58 59 62 63 71 72 75 76 1
14 17 19 20 21 24 25 28 30 31 32 35 36 57 58 59 62 63 71 72 75 76 1
3 5 7 8 9 12 13 38 40 41 42 45 46 57 58 59 62 63 71 72 75 76 1
15 17 19 20 21 24 25 38 40 41 42 45 46 57 58 59 62 63 71 72 75 76 1
2 4 7 8 10 12 13 27 30 31 33 35 36 49 50 52 54 55 71 73 75 76 1
14 16 19 20 22 24 25 27 30 31 33 35 36 49 50 52 54 55 71 73 75 76 1
3 4 7 8 10 12 13 37 40 41 43 45 46 49 50 52 54 55 71 73 75 76 1
15 16 19 20 22 24 25 37 40 41 43 45 46 49 50 52 54 55 71 73 75 76 1
2 5 7 8 10 12 13 28 30 31 33 35 36 57 58 60 62 63 71 73 75 76 1
14 17 19 20 22 24 25 28 30 31 33 35 36 57 58 60 62 63 71 73 75 76 1
3 5 7 8 10 12 13 38 40 41 43 45 46 57 58 60 62 63 71 73 75 76 1
15 17 19 20 22 24 25 38 40 41 43 45 46 57 58 60 62 63 71 73 75 76 1
2 4 7 9 10 12 13 27 30 32 33 35 36 49 51 52 54 55 72 73 75 76 1
14 16 19 21 22 24 25 27 30 32 33 35 36 49 51 52 54 55 72 73 75 76 1
3 4 7 9 10 12 13 37 40 42 43 45 46 49 51 52 54 55 72 73 75 76 1
15 16 19 21 22 24 25 37 40 42 43 45 46 49 51 52 54 55 72 73 75 76 1
2 5 7 9 10 12 13 28 30 32 33 35 36 57 59 60 62 63 72 73 75 76 1
14 17 19 21 22 24 25 28 30 32 33 35 36 57 59 60 62 63 72 73 75 76 1
3 5 7 9 10 12 13 38 40 42 43 45 46 57 59 60 62 63 72 73 75 76 1
15 17 19 21 22 24 25 38 40 42 43 45 46 57 59 60 62 63 72 73 75 76 1
2 7 8 9 10 12 13 30 31 32 33 35 36 71 72 73 75 76 1
14 19 20 21 22 24 25 30 31 32 33 35 36 71 72 73 75 76 1
3 7 8 9 10 12 13 40 41 42 43 45 46 71 72 73 75 76 1
15 19 20 21 22 24 25 40 41 42 43 45 46 71 72 73 75 76 1
4 7 8 9 10 12 13 49 50 51 52 54 55 71 72 73 75 76 1
16 19 20 21 22 24 25 49 50 51 52 54 55 71 72 73 75 76 1
27 30 31 32 33 35 36 49 50 51 52 54 55 71 72 73 75 76 1
37 40 41 42 43 45 46 49 50 51 52 54 55 71 72 73 75 76 1
5 7 8 9 10 12 13 57 58 59 60 62 63 71 72 73 75 76 1
17 19 20 21 22 24 25 57 58 59 60 62 63 71 72 73 75 76 1
28 30 31 32 33 35 36 57 58 59 60 62 63 71 72 73 75 76 1
38 40 41 42 43 45 46 57 58 59 60 62 63 71 72 73 75 76 1
2 4 7 8 11 12 13 27 30 31 34 35 36 49 50 53 54 55 71 74 75 76 1
14 16 19 20 23 24 25 27 30 31 34 35 36 49 50 53 54 55 71 74 75 76 1
3 4 7 8 11 12 13 37 40 41 44 45 46 49 50 53 54 55 71 74 75 76 1
15 16 19 20 23 24 25 37 40 41 44 45 46 49 50 53 54 55 71 74 75 76 1
2 5 7 8 11 12 13 28 30 31 34 35 36 57 58 61 62 63 71 74 75 76 1
14 17 19 20 23 24 25 28 30 31 34 35 36 57 58 61 62 63 71 74 75 76 1
3 5 7 8 11 12 13 38 40 41 44 45 46 57 58 61 62 63 71 74 75 76 1
15 17 19 20 23 24 25 38 40 41 44 45 46 57 58 61 62 63 71 74 75 76 1
2 4 7 9 11 12 13 27 30 32 34 35 36 49 51 53 54 55 72 74 75 76 1
14 16 19 21 23 24 25 27 30 32 34 35 36 49 51 53 54 55 72 74 75 76 1
3 4 7 9 11 12 13 37 40 42 44 45 46 49 51 53 54 55 72 74 75 76 1
15 16 19 21 23 24 25 37 40 42 44 45 46 49 51 53 54 55 72 74 75 76 1
2 5 7 9 11 12 13 28 30 32 34 35 36 57 59 61 62 63 72 74 75 76 1
14 17 19 21 23 24 25 28 30 32 34 35 36 57 59 61 62 63 72 74 75 76 1
3 5 7 9 11 12 13 38 40 42 44 45 46 57 59 61 62 63 72 74 75 76 1
15 17 19 21 23 24 25 38 40 42 44 45 46 57 59 61 62 63 72 74 75 76 1
2 7 8 9 11 12 13 30 31 32 34 35 36 71 72 74 75 76 1
14 19 20 21 23 24 25 30 31 32 34 35 36 71 72 74 75 76 1
3 7 8 9 11 12 13 40 41 42 44 45 46 71 72 74 75 76 1
15 19 20 21 23 24 25 40 41 42 44 45 46 71 72 74 75 76 1
4 7 8 9 11 12 13 49 50 51 53 54 55 71 72 74 75 76 1
16 19 20 21 23 24 25 49 50 51 53 54 55 71 72 74 75 76 1
27 30 31 32 34 35 36 49 50 51 53 54 55 71 72 74 75 76 1
37 40 41 42 44 45 46 49 50 51 53 54 55 71 72 74 75 76 1
5 7 8 9 11 12 13 57 58 59 61 62 63 71 72 74 75 76 1
17 19 20 21 23 24 25 57 58 59 61 62 63 71 72 74 75 76 1
28 30 31 32 34 35 36 57 58 59 61 62 63 71 72 74 75 76 1
38 40 41 42 44 45 46 57 58 59 61 62 63 71 72 74 75 76 1
2 4 7 10 11 12 13 27 30 33 34 35 36 49 52 53 54 55 73 74 75 76 1
14 16 19 22 23 24 25 27 30 33 34 35 36 49 52 53 54 55 73 74 75 76 1
3 4 7 10 11 12 13 37 40 43 44 45 46 49 52 53 54 55 73 74 75 76 1
15 16 19 22 23 24 25 37 40 43 44 45 46 49 52 53 54 55 73 74 75 76 1
2 5 7 10 11 12 13 28 30 33 34 35 36 57 60 61 62 63 73 74 75 76 1
14 17 19 22 23 24 25 28 30 33 34 35 36 57 60 61 62 63 73 74 75 76 1
3 5 7 10 11 12 13 38 40 43 44 45 46 57 60 61 62 63 73 74 75 76 1
15 17 19 22 23 24 25 38 40 43 44 45 46 57 60 61 62 63 73 74 75 76 1
2 7 8 10 11 12 13 30 31 33 34 35 36 71 73 74 75 76 1
14 19 20 22 23 24 25 30 31 33 34 35 36 71 73 74 75 76 1
3 7 8 10 11 12 13 40 41 43 44 45 46 71 73 74 75 76 1
15 19 20 22 23 24 25 40 41 43 44 45 46 71 73 74 75 76 1
4 7 8 10 11 12 13 49 50 52 53 54 55 71 73 74 75 76 1
16 19 20 22 23 24 25 49 50 52 53 54 55 71 73 74 75 76 1
27 30 31 33 34 35 36 49 50 52 53 54 55 71 73 74 75 76 1
37 40 41 43 44 45 46 49 50 52 53 54 55 71 73 74 75 76 1
5 7 8 10 11 12 13 57 58 60 61 62 63 71 73 74 75 76 1
17 19 20 22 23 24 25 57 58 60 61 62 63 71 73 74 75 76 1
28 30 31 33 34 35 36 57 58 60 61 62 63 71 73 74 75 76 1
38 40 41 43 44 45 46 57 58 60 61 62 63 71 73 74 75 76 1
2 7 9 10 11 12 13 30 32 33 34 35 36 72 73 74 75 76 1
14 19 21 22 23 24 25 30 32 33 34 35 36 72 73 74 75 76 1
3 7 9 10 11 12 13 40 42 43 44 45 46 72 73 74 75 76 1
15 19 21 22 23 24 25 40 42 43 44 45 46 72 73 74 75 76 1
4 7 9 10 11 12 13 49 51 52 53 54 55 72 73 74 75 76 1
16 19 21 22 23 24 25 49 51 52 53 54 55 72 73 74 75 76 1
27 30 32 33 34 35 36 49 51 52 53 54 55 72 73 74 75 76 1
37 40 42 43 44 45 46 49 51 52 53 54 55 72 73 74 75 76 1
5 7 9 10 11 12 13 57 59 60 61 62 63 72 73 74 75 76 1
17 19 21 22 23 24 25 57 59 60 61 62 63 72 73 74 75 76 1
28 30 32 33 34 35 36 57 59 60 61 62 63 72 73 74 75 76 1
38 40 42 43 44 45 46 57 59 60 61 62 63 72 73 74 75 76 1
7 8 9 10 11 12 13 71 72 73 74 75 76 1
19 20 21 22 23 24 25 71 72 73 74 75 76 1
30 31 32 33 34 35 36 71 72 73 74 75 76 1
40 41 42 43 44 45 46 71 72 73 74 75 76 1
49 50 51 52 53 54 55 71 72 73 74 75 76 1
57 58 59 60 61 62 63 71 72 73 74 75 76 1
#
