77
2 -7
3 -7
2 3 1
4 -7
2 4 1
3 4 1
5 -7
2 5 1
3 5 1
4 5 1
6 -6
2 6 1
3 6 1
4 6 1
5 6 1
7 -6
2 7 1
3 7 1
4 7 1
5 7 1
8 -7
2 8 1
3 8 1
4 8 1
5 8 1
6 8 1
7 8 1
9 -7
2 9 1
10 -7
3 10 1
9 10 1
11 -7
4 11 1
9 11 1
10 11 1
12 -7
5 12 1
9 12 1
10 12 1
11 12 1
13 -6
6 13 1
9 13 1
10 13 1
11 13 1
12 13 1
14 -6
7 14 1
9 14 1
10 14 1
11 14 1
12 14 1
15 -7
8 15 1
9 15 1
10 15 1
11 15 1
12 15 1
13 15 1
14 15 1
17 -7
2 17 1
4 17 1
2 4 17 -1
9 17 1
11 17 1
9 11 17 -1
18 -7
2 18 1
5 18 1
2 5 18 -1
9 18 1
12 18 1
9 12 18 -1
17 18 1
19 -6
2 19 1
6 19 1
2 6 19 -1
9 19 1
13 19 1
9 13 19 -1
17 19 1
18 19 1
20 -6
2 20 1
7 20 1
2 7 20 -1
9 20 1
14 20 1
9 14 20 -1
17 20 1
18 20 1
21 -7
2 21 1
8 21 1
2 8 21 -1
9 21 1
15 21 1
9 15 21 -1
17 21 1
18 21 1
19 21 1
20 21 1
22 -7
3 22 1
4 22 1
3 4 22 -1
10 22 1
11 22 1
10 11 22 -1
17 22 1
23 -7
3 23 1
5 23 1
3 5 23 -1
10 23 1
12 23 1
10 12 23 -1
18 23 1
22 23 1
24 -6
3 24 1
6 24 1
3 6 24 -1
10 24 1
13 24 1
10 13 24 -1
19 24 1
22 24 1
23 24 1
25 -6
3 25 1
7 25 1
3 7 25 -1
10 25 1
14 25 1
10 14 25 -1
20 25 1
22 25 1
23 25 1
26 -7
3 26 1
8 26 1
3 8 26 -1
10 26 1
15 26 1
10 15 26 -1
21 26 1
22 26 1
23 26 1
24 26 1
25 26 1
28 -6
4 28 1
6 28 1
4 6 28 -1
11 28 1
13 28 1
11 13 28 -1
17 28 1
19 28 1
17 19 28 -1
22 28 1
24 28 1
22 24 28 -1
29 -6
4 29 1
7 29 1
4 7 29 -1
11 29 1
14 29 1
11 14 29 -1
17 29 1
20 29 1
17 20 29 -1
22 29 1
25 29 1
22 25 29 -1
30 -7
4 30 1
8 30 1
4 8 30 -1
11 30 1
15 30 1
11 15 30 -1
17 30 1
21 30 1
17 21 30 -1
22 30 1
26 30 1
22 26 30 -1
28 30 1
29 30 1
31 -6
5 31 1
6 31 1
5 6 31 -1
12 31 1
13 31 1
12 13 31 -1
18 31 1
19 31 1
18 19 31 -1
23 31 1
24 31 1
23 24 31 -1
28 31 1
32 -6
5 32 1
7 32 1
5 7 32 -1
12 32 1
14 32 1
12 14 32 -1
18 32 1
20 32 1
18 20 32 -1
23 32 1
25 32 1
23 25 32 -1
29 32 1
33 -7
5 33 1
8 33 1
5 8 33 -1
12 33 1
15 33 1
12 15 33 -1
18 33 1
21 33 1
18 21 33 -1
23 33 1
26 33 1
23 26 33 -1
30 33 1
31 33 1
32 33 1
35 -6
6 35 1
8 35 1
6 8 35 -1
13 35 1
15 35 1
13 15 35 -1
19 35 1
21 35 1
19 21 35 -1
24 35 1
26 35 1
24 26 35 -1
28 35 1
30 35 1
28 30 35 -1
31 35 1
33 35 1
31 33 35 -1
36 -6
7 36 1
8 36 1
7 8 36 -1
14 36 1
15 36 1
14 15 36 -1
20 36 1
21 36 1
20 21 36 -1
25 36 1
26 36 1
25 26 36 -1
29 36 1
30 36 1
29 30 36 -1
32 36 1
33 36 1
32 33 36 -1
#
34
2 -7
3 -7
2 3 1
4 -3
2 4 1
3 4 1
5 -3
2 5 1
3 5 1
6 -3
2 6 1
3 6 1
7 -3
2 7 1
3 7 1
8 -3
2 8 1
3 8 1
9 -7
2 9 1
10 -7
3 10 1
9 10 1
11 -3
4 11 1
9 11 1
10 11 1
12 -3
5 12 1
9 12 1
10 12 1
13 -3
6 13 1
9 13 1
10 13 1
14 -3
7 14 1
9 14 1
10 14 1
15 -3
8 15 1
9 15 1
10 15 1
17 -3
2 17 1
4 17 1
2 4 17 -1
9 17 1
11 17 1
9 11 17 -1
18 -3
2 18 1
5 18 1
2 5 18 -1
9 18 1
12 18 1
9 12 18 -1
19 -3
2 19 1
6 19 1
2 6 19 -1
9 19 1
13 19 1
9 13 19 -1
20 -3
2 20 1
7 20 1
2 7 20 -1
9 20 1
14 20 1
9 14 20 -1
21 -3
2 21 1
8 21 1
2 8 21 -1
9 21 1
15 21 1
9 15 21 -1
22 -3
3 22 1
4 22 1
3 4 22 -1
10 22 1
11 22 1
10 11 22 -1
17 22 1
23 -3
3 23 1
5 23 1
3 5 23 -1
10 23 1
12 23 1
10 12 23 -1
18 23 1
24 -3
3 24 1
6 24 1
3 6 24 -1
10 24 1
13 24 1
10 13 24 -1
19 24 1
25 -3
3 25 1
7 25 1
3 7 25 -1
10 25 1
14 25 1
10 14 25 -1
20 25 1
26 -3
3 26 1
8 26 1
3 8 26 -1
10 26 1
15 26 1
10 15 26 -1
21 26 1
#
7
2 -1
3 -1
4 -1
5 -1
6 -1
7 -1
8 -1
2 3 4 5 6 7 8 1
9 -1
2 9 1
10 -1
3 10 1
11 -1
4 11 1
12 -1
5 12 1
13 -1
6 13 1
14 -1
7 14 1
15 -1
8 15 1
9 10 11 12 13 14 15 1
#
