56
2 -6
3 -6
2 3 1
4 -6
2 4 1
3 4 1
5 -6
2 5 1
3 5 1
4 5 1
6 -6
2 6 1
3 6 1
4 6 1
5 6 1
7 -6
2 7 1
3 7 1
4 7 1
5 7 1
6 7 1
8 -6
2 8 1
9 -6
3 9 1
8 9 1
10 -6
4 10 1
8 10 1
9 10 1
11 -6
5 11 1
8 11 1
9 11 1
10 11 1
12 -6
6 12 1
8 12 1
9 12 1
10 12 1
11 12 1
13 -6
7 13 1
8 13 1
9 13 1
10 13 1
11 13 1
12 13 1
15 -6
2 15 1
4 15 1
2 4 15 -1
8 15 1
10 15 1
8 10 15 -1
16 -6
2 16 1
5 16 1
2 5 16 -1
8 16 1
11 16 1
8 11 16 -1
15 16 1
17 -6
2 17 1
6 17 1
2 6 17 -1
8 17 1
12 17 1
8 12 17 -1
15 17 1
16 17 1
18 -6
2 18 1
7 18 1
2 7 18 -1
8 18 1
13 18 1
8 13 18 -1
15 18 1
16 18 1
17 18 1
19 -6
3 19 1
4 19 1
3 4 19 -1
9 19 1
10 19 1
9 10 19 -1
15 19 1
20 -6
3 20 1
5 20 1
3 5 20 -1
9 20 1
11 20 1
9 11 20 -1
16 20 1
19 20 1
21 -6
3 21 1
6 21 1
3 6 21 -1
9 21 1
12 21 1
9 12 21 -1
17 21 1
19 21 1
20 21 1
22 -6
3 22 1
7 22 1
3 7 22 -1
9 22 1
13 22 1
9 13 22 -1
18 22 1
19 22 1
20 22 1
21 22 1
24 -6
4 24 1
6 24 1
4 6 24 -1
10 24 1
12 24 1
10 12 24 -1
15 24 1
17 24 1
15 17 24 -1
19 24 1
21 24 1
19 21 24 -1
25 -6
4 25 1
7 25 1
4 7 25 -1
10 25 1
13 25 1
10 13 25 -1
15 25 1
18 25 1
15 18 25 -1
19 25 1
22 25 1
19 22 25 -1
24 25 1
26 -6
5 26 1
6 26 1
5 6 26 -1
11 26 1
12 26 1
11 12 26 -1
16 26 1
17 26 1
16 17 26 -1
20 26 1
21 26 1
20 21 26 -1
24 26 1
27 -6
5 27 1
7 27 1
5 7 27 -1
11 27 1
13 27 1
11 13 27 -1
16 27 1
18 27 1
16 18 27 -1
20 27 1
22 27 1
20 22 27 -1
25 27 1
26 27 1
28 -6
6 28 1
7 28 1
6 7 28 -1
12 28 1
13 28 1
12 13 28 -1
17 28 1
18 28 1
17 18 28 -1
21 28 1
22 28 1
21 22 28 -1
24 28 1
25 28 1
24 25 28 -1
26 28 1
27 28 1
26 27 28 -1
#
28
2 -6
3 -6
2 3 1
4 -3
2 4 1
3 4 1
5 -3
2 5 1
3 5 1
6 -3
2 6 1
3 6 1
7 -3
2 7 1
3 7 1
8 -6
2 8 1
9 -6
3 9 1
8 9 1
10 -3
4 10 1
8 10 1
9 10 1
11 -3
5 11 1
8 11 1
9 11 1
12 -3
6 12 1
8 12 1
9 12 1
13 -3
7 13 1
8 13 1
9 13 1
15 -3
2 15 1
4 15 1
2 4 15 -1
8 15 1
10 15 1
8 10 15 -1
16 -3
2 16 1
5 16 1
2 5 16 -1
8 16 1
11 16 1
8 11 16 -1
17 -3
2 17 1
6 17 1
2 6 17 -1
8 17 1
12 17 1
8 12 17 -1
18 -3
2 18 1
7 18 1
2 7 18 -1
8 18 1
13 18 1
8 13 18 -1
19 -3
3 19 1
4 19 1
3 4 19 -1
9 19 1
10 19 1
9 10 19 -1
15 19 1
20 -3
3 20 1
5 20 1
3 5 20 -1
9 20 1
11 20 1
9 11 20 -1
16 20 1
21 -3
3 21 1
6 21 1
3 6 21 -1
9 21 1
12 21 1
9 12 21 -1
17 21 1
22 -3
3 22 1
7 22 1
3 7 22 -1
9 22 1
13 22 1
9 13 22 -1
18 22 1
#
6
2 -1
3 -1
4 -1
5 -1
6 -1
7 -1
8 -1
2 8 1
9 -1
3 9 1
10 -1
4 10 1
11 -1
5 11 1
12 -1
6 12 1
13 -1
7 13 1
#
